-5	0.020724994842259016
-4	0.02129037366397211
-3	0.019294029975505105
-2	0.020303358173866793
-1	0.017413804755819027
0	0.014706931073879716
1	0.011248832860227797
2	0.0076593622788643624
3	0.004053332203451667
4	0.0015938242869417423
5	6.722589002667173e-4
6	4.081391084505595e-4
7	6.394222651286169e-11
8	5.409667726708618e-8
9	3.686781060041995e-11
10	2.6699431934580522e-11
11	2.366405320935939e-11
12	1.7135984538025286e-11
13	1.455202638273994e-11
14	1.1143378704528425e-11
15	8.036177303450467e-12
