-5	0.08355359440041446
-3	0.07258140762987608
-1	0.07020493527357892
1	0.04160744562460478
3	0.015481839851790424
5	0.00374522752450173
7	5.673370538315909e-5
9	2.649926721870195e-7
11	1.6703955207466117e-7
13	9.379012975130728e-8
15	5.982556370411504e-8
17	4.1057994604402425e-8
19	2.865885048868706e-8
21	1.4909873412382244e-8
23	9.676248635880943e-9
25	6.6979976328714585e-9
27	3.579202603343833e-9
29	2.7628072966874124e-9
31	1.4815657522740078e-9
33	1.0007339426774878e-9
35	6.351729224035624e-10
