-5	0.02202900058207215
-4	0.02042793926017801
-3	0.021307143153731004
-2	0.019019252780805712
-1	0.017914033876207144
0	0.015039564176022964
1	0.011871654121271143
2	0.007331843322981217
3	0.003816516666672214
4	0.0019278511693437425
5	6.984310184681311e-4
6	2.6221860378921154e-4
7	1.059888363882419e-4
8	4.7495421401737574e-11
9	3.686398383429311e-11
10	2.955854433185808e-11
11	2.2270822293696203e-11
12	1.669149322196181e-11
13	1.3864443878073774e-11
14	1.0902951838840977e-11
15	8.914107384973157e-12
