5	0.020287928034982562
6	0.0168024608095519
7	0.01306802710562593
8	0.009625250590946325
9	0.009642701072991915
10	0.0043826653384133555
11	0.00561988011123002
12	0.003011945096475337
13	0.004075711231313544
14	0.002617182484989455
15	0.0010408007319964543
16	3.118172071980365e-4
17	0.0012227551308904637
18	2.453052878977689e-9
19	1.6125062062664059e-9
20	1.1489974201621871e-9
21	9.749056880878007e-10
22	6.766306132307989e-10
23	7.256228053318712e-10
24	4.771907471570265e-10
25	4.408983454879648e-10
26	3.710451474658766e-10
27	2.505911362560183e-10
28	1.8870884020701194e-10
29	1.8586714682724236e-10
30	1.316402823098118e-10
