5	0.06678316558651887
6	0.07271858951174981
7	0.04924834068498967
8	0.03178268973309969
9	0.023090709598081956
10	0.022122024502968997
11	0.004653351136221317
12	0.005025754760899872
13	0.008529627217103552
14	0.004812871898320736
15	4.5791772441589274e-4
16	8.252323750639334e-6
17	3.3599046582821755e-5
18	1.348532096017152e-6
19	8.884210546966642e-7
20	5.173278623260558e-7
21	5.199064617045223e-7
22	3.56839009327814e-7
23	3.833386290352792e-7
24	2.698958269320428e-7
25	2.377574855927378e-7
26	1.967218122445047e-7
27	1.3813070836476982e-7
28	1.0361458407714963e-7
29	9.322116966359317e-8
30	7.498572813346981e-8
