-5	0.021122752837367857
-3	0.019627797437834854
-1	0.017260031169213663
1	0.011004840970401457
3	0.003974202530798368
5	7.758945408924256e-4
7	7.499375635131549e-5
9	3.6403773230397064e-11
11	2.2032128560490094e-11
13	1.2520088049073508e-11
15	8.450032100286842e-12
17	5.2386553558132124e-12
19	3.351386699084761e-12
21	2.195844810960693e-12
23	1.3197709586046363e-12
25	8.673497226186196e-13
27	4.904594278847867e-13
29	3.474486473496418e-13
31	2.0412472040752085e-13
33	1.340986862001124e-13
35	8.53923984112565e-14
