10	1.3896025836401498e-4
11	1.3377829624894403e-4
12	1.3734004959061046e-4
13	1.3868626669484002e-4
14	1.3581587416041608e-4
15	1.328639733902211e-4
16	1.3612978941899472e-4
17	1.3852404152916938e-4
18	1.4015936646352586e-4
19	1.32514798328479e-4
20	1.3996681883359288e-4
21	1.3842456707630494e-4
22	1.349266649535934e-4
23	1.334388837903144e-4
24	1.294918611056559e-4
25	1.2611472834668332e-4
26	1.191067436653607e-4
27	1.0972161593025754e-4
28	1.0467943706009796e-4
29	9.260797684309233e-5
30	8.229600033860385e-5
31	7.618864344493856e-5
32	7.4194212373246e-5
33	6.661332943111731e-5
34	5.617893657537724e-5
35	4.867856735384689e-5
