5	1.221793522546718e-4
6	1.0997109506026681e-4
7	9.258707382414019e-5
8	7.382833143985668e-5
9	4.946315335967785e-5
10	3.791810338827959e-5
11	2.4880412923113788e-5
12	1.3544265571209915e-5
13	5.867358514811039e-6
14	2.1789100522869198e-6
15	1.7215456672330938e-6
16	4.2676432317240107e-7
17	2.517359702649779e-7
18	1.3888888638982519e-7
19	3.4722203723953415e-8
20	1.1406859866424609e-18
21	8.913145993126839e-19
22	7.310232922314184e-19
23	5.926106821268728e-19
24	4.548288139785796e-19
25	3.6852102139787484e-19
26	2.891842139783806e-19
27	2.267116269617687e-19
28	1.8498120700005033e-19
29	1.4325311680961735e-19
30	1.178656737607143e-19
