10	0.020712892430741862
11	0.02086697842670127
12	0.0202023376314833
13	0.02029721460857137
14	0.020371859621236308
15	0.020759767319397895
16	0.020387922238300726
17	0.020556233457003057
18	0.02080858279338285
19	0.020649083853613946
20	0.020921356723741034
21	0.020635871883663802
22	0.021952038452311317
23	0.021570816823794418
24	0.021453033005017334
25	0.02134075561162307
26	0.02214114864438003
27	0.022997721154640438
28	0.023331483423055844
29	0.024481290992584923
30	0.024922106814585232
31	0.02671851921974919
32	0.027067637376751233
33	0.027590274494603974
34	0.029217439757543907
35	0.030664211353535895
