5	1.5402040151764101e-4
6	1.3866925960558967e-4
7	1.426633520094249e-4
8	1.2151542042841176e-4
9	1.0953671063498482e-4
10	7.571463412939659e-5
11	6.401568503560874e-5
12	6.299036036900313e-5
13	2.8109021403029226e-5
14	1.455489494308728e-5
15	1.3529235660807585e-5
16	2.3076629116651667e-6
17	1.1641989004772093e-5
18	6.513700313808367e-17
19	4.190619683238698e-17
20	3.9450139752373454e-17
21	2.665727255684246e-17
22	2.0474884634413653e-17
23	2.066131731388205e-17
24	1.3497031845308008e-17
25	1.2587676475975423e-17
26	1.0294057009452331e-17
27	7.043982271084043e-18
28	5.307460573701025e-18
29	5.728473624897818e-18
30	3.777254442258933e-18
