5	5.334064682554194e-6
6	4.95054566141023e-6
7	3.7885664948614624e-6
8	2.900745575326467e-6
9	2.1060729889542897e-6
10	1.6688858905031419e-6
11	9.284896311598127e-7
12	6.671575413880196e-7
13	2.2511692170142504e-7
14	8.128004135425802e-8
15	4.392361139846384e-8
16	1.1211817558111033e-23
17	4.175347232262622e-8
18	6.371555970870672e-24
19	5.3307852030328465e-24
20	4.2540435104785005e-24
21	3.65201064527908e-24
22	3.1330564185635514e-24
23	2.2934795139894228e-24
24	1.837785722112047e-24
25	1.4250130265370354e-24
26	1.2294400955777746e-24
27	9.24126802920053e-25
28	7.7690081694997e-25
29	5.478075880340566e-25
30	4.254446340348814e-25
