10	1.4978812599701177e-7
11	1.552631490922876e-7
12	1.6017484970790143e-7
13	1.6034616997640858e-7
14	1.5961203033374063e-7
15	1.6604628171194995e-7
16	1.7547787952412828e-7
17	1.7906614934001748e-7
18	1.9308055669424473e-7
19	2.0189004483725585e-7
20	2.184080916860687e-7
21	2.4052591644191107e-7
22	2.455132365212146e-7
23	2.56471298336844e-7
24	2.625179425577087e-7
25	2.7071769402728836e-7
26	2.7031026996181657e-7
27	2.685310927142828e-7
28	2.7289819157855e-7
29	2.6340078130387055e-7
30	2.610810047074128e-7
31	2.5989387558603653e-7
32	2.569485631468774e-7
33	2.4192033385872727e-7
34	2.3453752946083496e-7
35	2.301545335911244e-7
