5	0.04430289845057269
6	0.029772859262547774
7	0.020834653275626593
8	0.01573141648961908
9	0.009780237034132912
10	0.006134453535243709
11	0.003537602226630849
12	0.00201496241591056
13	7.624683731974357e-4
14	3.090157363876642e-4
15	3.215870117655868e-4
16	6.812613601141493e-5
17	5.273080788538209e-5
18	4.5218574196042025e-5
19	3.15963248594926e-5
20	2.4022864734433823e-5
21	2.0495066053626943e-5
22	1.593902342574438e-5
23	1.2293577256059507e-5
24	1.0174264789384324e-5
25	8.05154773297545e-6
26	6.447278647101484e-6
27	5.147592944922508e-6
28	4.039750976517098e-6
29	3.2073008969746296e-6
30	2.440173917420907e-6
