-5	0.0023170539895967187
-3	0.002218104596194336
-1	0.0020441759200605196
1	0.001297682597279177
3	4.2817843834781516e-4
5	8.545901371098063e-5
7	9.269124126462105e-6
9	3.9750987023519626e-16
11	2.3641539580492847e-16
13	1.3503851078420004e-16
15	9.134951720948018e-17
17	5.699757205952067e-17
19	3.597206177400685e-17
21	2.382129141672883e-17
23	1.4193799884741397e-17
25	9.305291227297701e-18
27	5.329378560530419e-18
29	3.719096484413337e-18
31	2.2187623213727555e-18
33	1.4613406177571836e-18
35	9.174449898598957e-19
