5	0.0022122845503348954
6	0.0020819513162606026
7	0.0019325618697176384
8	0.0016730971064662775
9	0.0013806323835546448
10	0.0011456429007979155
11	8.941165123500489e-4
12	5.795652683965849e-4
13	3.6843554494452605e-4
14	1.829804799845637e-4
15	9.2058062847008e-5
16	4.905378934769376e-5
17	1.0299014927645677e-5
18	2.3396168888611495e-6
19	2.7779923721489924e-7
20	3.473546533144381e-8
21	3.3699901110428247e-13
22	2.7083963259743604e-13
23	2.1940546237624426e-13
24	1.7699496060246398e-13
25	1.3691544623461896e-13
26	1.0456248733162999e-13
27	8.837939023080151e-14
28	7.21189577096976e-14
29	5.442173685264786e-14
30	4.462576378352646e-14
