10	0.08362052130070514
11	0.0827332862582989
12	0.08450350515830826
13	0.08180072889430448
14	0.08461625652946532
15	0.0826809436995536
16	0.08382363675581292
17	0.08423809339338914
18	0.08515406125970185
19	0.08694622484594583
20	0.0885806830227375
21	0.0868298254981637
22	0.0905134994983673
23	0.09431809616088867
24	0.09378786423802375
25	0.09801992273330688
26	0.09992089319229126
27	0.100454185962677
28	0.09903542709350587
29	0.09756597948074341
30	0.09605473327636718
31	0.09520098876953124
32	0.09296845245361328
33	0.08728411865234376
34	0.08561311340332031
35	0.08321788787841797
