10	5.86966423940356e-6
11	5.785290796098665e-6
12	5.4969769122324455e-6
13	5.382905950240994e-6
14	5.299012573251599e-6
15	5.187097715315643e-6
16	5.104435153726387e-6
17	5.0407475213741105e-6
18	5.027277615876727e-6
19	4.895465250847008e-6
20	4.896945214752084e-6
21	5.180431798198585e-6
22	5.395828546520439e-6
23	5.379698434420966e-6
24	5.489536942674332e-6
25	5.519947086785855e-6
26	5.854898815381244e-6
27	6.126790818350318e-6
28	6.329570110573917e-6
29	6.708860353662064e-6
30	6.733447902307293e-6
31	7.106953458863641e-6
32	7.266009928427105e-6
33	7.554955240786308e-6
34	7.962972666429261e-6
35	8.237019816671527e-6
