10	3.365882980338976e-9
11	3.3810614109567764e-9
12	3.4533959269173786e-9
13	3.399693435037968e-9
14	3.4439744996589123e-9
15	3.3887714624831908e-9
16	3.715662037391843e-9
17	3.6567635547852407e-9
18	3.8930561079421385e-9
19	3.926371645181889e-9
20	4.208998367700839e-9
21	4.305854641668891e-9
22	4.531690848407729e-9
23	4.794428819358135e-9
24	5.0567816593684285e-9
25	5.050881950920887e-9
26	5.1020926606738176e-9
27	5.141389534876038e-9
28	5.335954704838292e-9
29	5.1747185680156096e-9
30	5.263959348355434e-9
31	5.2151754834069004e-9
32	5.277234489058005e-9
33	5.045686699107703e-9
34	4.923481518726297e-9
35	4.915922758420912e-9
