5	0.07188590829959139
6	0.06783716709851433
7	0.04266152734169736
8	0.028619823353365062
9	0.03137298625893891
10	0.019302534274756908
11	0.015906660594046117
12	0.006340601556003094
13	0.010102921649813652
14	0.007271704375743866
15	0.0025136521458625793
16	0.0022802770137786863
17	0.006663709580898285
18	6.890535354614258e-5
19	4.5004338026046754e-5
20	2.366989850997925e-5
21	2.6730448007583617e-5
22	2.396330237388611e-5
23	2.035707235336304e-5
24	1.6981363296508788e-5
25	1.2183189392089844e-5
26	9.908974170684815e-6
27	7.91206955909729e-6
28	6.314069032669068e-6
29	4.483312368392944e-6
30	4.056841135025024e-6
