5	0.002077454022863105
6	0.00169751098763966
7	0.0013988002197091174
8	0.0011113495827014914
9	7.90728863832756e-4
10	5.7738770140862e-4
11	3.9766893718207376e-4
12	2.3067172169667925e-4
13	9.506645253224341e-5
14	3.243969574660985e-5
15	2.676818927852093e-5
16	5.181304974220968e-6
17	3.090196075331131e-6
18	1.2499967750494372e-6
19	2.222193218302406e-6
20	3.731958021844383e-14
21	2.9593542321946646e-14
22	2.4189052606254934e-14
23	1.954657073914174e-14
24	1.516804756076617e-14
25	1.217413739306635e-14
26	9.508224703507236e-15
27	7.484343864927306e-15
28	6.060841126904304e-15
29	4.772473212191305e-15
30	3.899939397791885e-15
