10	0.08151879716938493
11	0.08313907729826314
12	0.08615334451737473
13	0.0853506667464103
14	0.07947065326548364
15	0.08540533764288602
16	0.08375188369913485
17	0.08480566495154847
18	0.09059655432764158
19	0.08874537906938348
20	0.09096659993962385
21	0.0929120010471961
22	0.09184487423487007
23	0.09680851902952417
24	0.0935026486250572
25	0.09769497917313129
26	0.0995870596608147
27	0.09609839471848682
28	0.0980744545776397
29	0.09633079754002392
30	0.09808461122214794
31	0.08973199407756328
32	0.08923698752373457
33	0.08612906505167485
34	0.08310355954617261
35	0.08245342075824738
