10	0.0018497664812880147
11	0.001813828550265695
12	0.0017453395406830095
13	0.0016581838919547407
14	0.00162244184722777
15	0.0015800069462476047
16	0.0015465864780040124
17	0.0015033212444949355
18	0.0014905329604577024
19	0.001565680602042674
20	0.001531402535875346
21	0.0015709690212128255
22	0.00149622845879714
23	0.0016202604758900284
24	0.0016240097629087763
25	0.0016366467272946024
26	0.0017267328887170664
27	0.001846073873945814
28	0.0018298905512267837
29	0.0020938773509711875
30	0.002064314968575054
31	0.0022679921618327693
32	0.0022494944369566535
33	0.0024202652305484263
34	0.0026437175714089023
35	0.0027197362939125297
