5	0.014296232718321157
6	0.01034738476108534
7	0.006980745356519879
8	0.004847222673660714
9	0.0039080998156126225
10	0.0029994569208821793
11	0.0021572957641227213
12	7.363357076430897e-4
13	2.0548602137299864e-4
14	1.7556259513343465e-4
15	5.376772540333853e-5
16	5.781302468548811e-10
17	7.221027387836208e-5
18	3.638073530689646e-10
19	2.6860071350441554e-10
20	2.1167000053039418e-10
21	1.964624656414216e-10
22	1.6987529020448416e-10
23	1.206693161713407e-10
24	9.798337542332583e-11
25	7.632625509939382e-11
26	5.984102066166228e-11
27	4.8510215149687195e-11
28	4.009021196569874e-11
29	3.061020926954578e-11
30	2.3205588032434908e-11
