5	0.0479322376175555
6	0.03020220679507861
7	0.023993653084943327
8	0.017772383646616007
9	0.011237500633275426
10	0.010618313701205381
11	0.008470327172808751
12	0.005253945516727793
13	7.41254265075618e-4
14	8.57030349335993e-4
15	7.566862273365018e-4
16	6.250287194831116e-7
17	2.8512646414290545e-4
18	4.040269702230148e-7
19	2.8424858788866915e-7
20	2.208285366904761e-7
21	2.130806843254618e-7
22	1.8155065166070016e-7
23	1.269515037591873e-7
24	1.0479653555250934e-7
25	8.158084008158539e-8
26	6.138873984440352e-8
27	5.229319808108812e-8
28	4.256972971461437e-8
29	3.2945726587740864e-8
30	2.411341586139315e-8
