-5	0.002248718285298441
-4	0.0022092399212691356
-3	0.002301220027568407
-2	0.002187000228889372
-1	0.001960162430432954
0	0.0016226440918166412
1	0.0012970984459114818
2	8.437918744468269e-4
3	4.198410521465933e-4
4	2.1202248441465652e-4
5	5.9543871081038805e-5
6	1.832450127357035e-5
7	7.809180655958872e-6
8	5.140146057483415e-16
9	3.950266775112953e-16
10	3.1813688186283704e-16
11	2.3848818402140443e-16
12	1.8140899236993149e-16
13	1.508236647091393e-16
14	1.1783216291600184e-16
15	9.575823984054378e-17
