5	1.5996673426627474e-7
6	1.5607978463430646e-7
7	1.5947750386267822e-7
8	1.535188087533194e-7
9	1.4606208038465878e-7
10	1.3703070803273783e-7
11	1.0465092038587183e-7
12	8.768946392176875e-8
13	5.996767722271399e-8
14	3.446943848533323e-8
15	1.7304854468306092e-8
16	8.79444245046614e-9
17	2.270600078562367e-9
18	1.3510328824687071e-9
19	3.0864197524712635e-10
20	1.543209877214069e-10
21	1.4418924820059204e-27
22	1.1894271654521773e-27
23	9.161139062576487e-28
24	7.45053840103028e-28
25	5.734590564669131e-28
26	4.477557609980801e-28
27	3.761947164874108e-28
28	2.9874515175475106e-28
29	2.337101312463751e-28
30	1.8658470310579784e-28
