5	6.03059126298354e-6
6	5.2293684238284564e-6
7	5.495488392179677e-6
8	5.018834931820442e-6
9	5.140158045784438e-6
10	3.991809651421476e-6
11	3.4534506725661313e-6
12	2.575969010236968e-6
13	1.46956129267936e-6
14	8.218316418314138e-7
15	5.133462776466139e-7
16	1.3292100156735787e-7
17	2.92968769918483e-7
18	1.1875591612637102e-21
19	7.59584856029997e-22
20	7.724692185870626e-22
21	4.879648742397591e-22
22	3.937681829543247e-22
23	3.8198673109260814e-22
24	2.5603145505651405e-22
25	2.351575711589937e-22
26	1.9241197621310604e-22
27	1.3028130219808633e-22
28	9.833484924295399e-23
29	1.1074134563287856e-22
30	7.092727155280856e-23
