-5	0.0024609025942864743
-4	0.002204869024936305
-3	0.002363516494070597
-2	0.0022237358120109556
-1	0.0022079826728293606
0	0.0017332357882515644
1	0.0013894783592070794
2	9.507258116164019e-4
3	4.356451140300381e-4
4	2.1793112731214172e-4
5	5.604167235089037e-5
6	3.3044782769850577e-5
7	6.966991525002368e-16
8	1.5140929158881315e-7
9	4.000992643165737e-16
10	2.9017384944674373e-16
11	2.5317748544465556e-16
12	1.8245856349541577e-16
13	1.5735279566370844e-16
14	1.2035299103585355e-16
15	8.453598947409292e-17
