5	4.950400384925373e-16
6	4.292324281508164e-16
7	3.5792182688409495e-16
8	3.952420547309417e-16
9	3.8540806372292303e-16
10	2.9152512674810523e-16
11	1.4749582659289835e-16
12	3.856389201291137e-17
13	1.757587221591605e-17
14	1.6179660125091705e-19
15	2.1307126022782262e-20
16	1.4063687339241747e-20
17	1.2847200902779683e-20
18	7.66396542966662e-21
19	5.289718594698465e-21
20	3.8925995569673966e-21
21	3.806787195414886e-21
22	2.8252157997203337e-21
23	1.672716988974497e-21
24	1.3743396392610712e-21
25	9.205268216638442e-22
26	8.646523426851356e-22
27	6.571929974738183e-22
28	6.930036293355375e-22
29	3.9189592316512e-22
30	4.277287807328628e-22
