5	0.003106031577922867
6	0.003828493412195229
7	0.00396040280346841
8	0.003603522327623194
9	0.0022172792122508904
10	0.0035232924783563393
11	0.0011258542107189392
12	2.1401128438281684e-4
13	2.1161815677060513e-4
14	7.394977927234762e-7
15	7.262967118174743e-7
16	5.809004578527868e-7
17	6.016848021846468e-7
18	5.304880088060227e-7
19	3.8257163899897957e-7
20	3.271502553963499e-7
21	3.395938853467657e-7
22	4.025147071913958e-7
23	4.5688217478534147e-7
24	4.5864431800208103e-7
25	4.305880018019952e-7
26	4.5520160805298965e-7
27	4.413174191823285e-7
28	4.30395056557979e-7
29	4.5187761088713843e-7
30	3.8741228998943336e-7
