5	5.442812747522243e-8
6	2.5992817586933777e-8
7	1.0245333097327191e-8
8	1.8296916260979797e-9
9	3.8472333915085534e-10
10	4.799765706793127e-11
11	1.3293656268287295e-11
12	1.3307886287302899e-11
13	1.2734482056268735e-11
14	1.2382425106001978e-11
15	1.2452463608187204e-11
16	1.2204984856404054e-11
17	1.2148095695868411e-11
18	1.2024391616610798e-11
19	1.1964042285937706e-11
20	1.1922804493066295e-11
21	1.1862469256668262e-11
22	1.1797018321791934e-11
23	1.1848817850716625e-11
24	1.1794843420869558e-11
25	1.1773285504944516e-11
26	1.1784611146091056e-11
27	1.1768384299528308e-11
28	1.1774566682147518e-11
29	1.1778377184992577e-11
30	1.1766447987369165e-11
