10	5.833086832560489e-20
11	5.905808575385625e-20
12	5.863697801716777e-20
13	5.3585065443381547e-20
14	5.284417522146547e-20
15	4.114698724890416e-20
16	3.1229036092412726e-20
17	2.0583398559289347e-20
18	1.047862937441707e-20
19	3.545462357265024e-21
20	9.432869535900928e-22
21	1.9073752093766587e-22
22	3.877223618881732e-24
23	2.52086697775741e-24
24	1.8678056373073556e-24
25	1.392619949824825e-24
26	1.1215502266209315e-24
27	8.531995361628184e-25
28	6.086461660515053e-25
29	5.049114967021488e-25
30	3.91296497667576e-25
31	2.969024855102964e-25
32	2.448788217195073e-25
33	1.864507215885243e-25
34	1.4297262037896083e-25
35	1.1315159185964736e-25
