10	0.08029015723733804
11	0.08225569590100826
12	0.08646529291414971
13	0.08214065391738297
14	0.084282552545199
15	0.08533558403248237
16	0.08351539488483606
17	0.08394326382133285
18	0.07952228773442886
19	0.0852083654446662
20	0.08203929371367104
21	0.08277059582844724
22	0.08326237910662407
23	0.08020451163838817
24	0.08031191800278506
25	0.08003348974229929
26	0.08004439897403808
27	0.07538346468516412
28	0.0740064215268064
29	0.07245319878480462
30	0.06962508124882293
31	0.06924663096408276
32	0.0668896209312261
33	0.06594949492716708
34	0.06461549056025015
35	0.06442443205735145
