5	1.0635428186743053e-21
6	1.0818489796905388e-21
7	1.0340942178332522e-21
8	9.901456528369081e-22
9	8.725182191731268e-22
10	6.495321700579538e-22
11	4.266514475706215e-22
12	2.1959388728229197e-22
13	6.872020631686972e-23
14	1.208889649769731e-23
15	1.5660615380741819e-24
16	4.3810935353641976e-26
17	3.0513955063735025e-26
18	2.1303812990818803e-26
19	1.594716489570687e-26
20	1.1935991427945881e-26
21	8.995146253785982e-27
22	7.011240386382251e-27
23	5.484017293969099e-27
24	4.22016550636502e-27
25	3.432623654636255e-27
26	2.625050865924131e-27
27	2.1837741434213624e-27
28	1.595435665013242e-27
29	1.2454427218598407e-27
30	9.789115314283387e-28
