5	0.08515051814815065
6	0.08072022465754432
7	0.08190764331283085
8	0.08416581834182485
9	0.08586725297519954
10	0.08403765535190748
11	0.08467829818371743
12	0.08455473120590554
13	0.08976807765401096
14	0.0968592223734677
15	0.10861670171054988
16	0.12130776515733739
17	0.1375153884067964
18	0.14702407032474407
19	0.15687718089699562
20	0.16697645016034526
21	0.1761124064986936
22	0.18287733467213105
23	0.18933093660197217
24	0.19495370526300107
25	0.19799229077136832
26	0.20176169652243822
27	0.2044038646520986
28	0.20796580909548737
29	0.20992035727518554
30	0.21098908742652359
