5	4.995914685188414e-7
6	6.275654391747276e-7
7	6.543435101325543e-7
8	5.864098262495872e-7
9	3.5570022087153e-7
10	5.660608207578979e-7
11	1.9312534443494457e-7
12	3.861696181759198e-8
13	3.355638430108994e-8
14	6.821035886134728e-11
15	2.1600738339432283e-11
16	2.206490013281288e-11
17	8.185899880202878e-12
18	1.337945753414874e-11
19	6.79635967063603e-12
20	7.383256904803978e-12
21	7.0098913900964845e-12
22	3.96646109925116e-12
23	2.1981384119632976e-12
24	1.138212335578789e-12
25	1.9990444488105834e-12
26	1.4804249230088463e-12
27	1.2657829810306273e-12
28	1.6688137472102277e-12
29	6.398227478929431e-13
30	1.7875254793912379e-12
