10	1.8714923674959896e-6
11	1.918548554079294e-6
12	1.8771040496997493e-6
13	1.7288079341187962e-6
14	1.6976328132599449e-6
15	1.3266857009152627e-6
16	1.0207211571493457e-6
17	6.533527382895107e-7
18	3.3400016693749714e-7
19	1.1174295899846594e-7
20	2.896076613089933e-8
21	5.033021914651139e-9
22	1.0394567376972119e-10
23	6.679074512000754e-11
24	4.949669162194744e-11
25	3.737068614082531e-11
26	2.9456318893819997e-11
27	2.3419992182708617e-11
28	1.6640911744920508e-11
29	1.3949408853513801e-11
30	1.1205331912273557e-11
31	8.515982839640154e-12
32	7.416235903673015e-12
33	5.930770682774717e-12
34	4.839493057082825e-12
35	4.050354088702284e-12
