5	0.07832016039940501
6	0.07375387745846562
7	0.06953434492861604
8	0.0669013990260206
9	0.06627683138087782
10	0.06613386148808166
11	0.06626906662573169
12	0.06623612513547694
13	0.06631005006397557
14	0.06622390644510308
15	0.06627914097559114
16	0.06619132219071763
17	0.06626759565697533
18	0.06619233632769309
19	0.0661844927101359
20	0.06620335777679047
21	0.0661481206631552
22	0.06619036240191005
23	0.06622785665818536
24	0.06619980901990119
25	0.0661941159705289
26	0.0662044973507247
27	0.06617362089133466
28	0.06618806289333926
29	0.0661761169874781
30	0.06619541618687128
