5	4.3663295795554774e-18
6	2.095768733502187e-18
7	7.865758176851387e-19
8	2.367294773156626e-19
9	1.393950089325839e-20
10	2.6880985176914007e-22
11	1.863561120891277e-22
12	1.3758197720852697e-22
13	9.568014436205822e-23
14	7.231241625782483e-23
15	6.09748901234641e-23
16	4.4913555542826463e-23
17	3.3436433964011793e-23
18	2.554434109022667e-23
19	2.0564016531569153e-23
20	1.5193326487130304e-23
21	1.2044246583708897e-23
22	9.982751736930782e-24
23	7.994185273735114e-24
24	5.973644574780023e-24
25	5.005409332535608e-24
