10	1.1285669882992977e-25
11	1.1047880194073768e-25
12	1.0702342114558063e-25
13	1.0430653934611793e-25
14	9.676464860607663e-26
15	8.993548371161499e-26
16	6.255503608063895e-26
17	3.918845157104979e-26
18	2.010216570016754e-26
19	6.649330412120765e-27
20	1.5688453085102036e-27
21	2.5999795231750955e-28
22	3.139041123916979e-29
23	5.198827178368787e-30
24	3.9061199619441466e-30
25	2.9848941144339847e-30
26	2.2245021542051796e-30
27	1.731136369301547e-30
28	1.1966508930037676e-30
29	1.0445668881048509e-30
30	8.188061074099964e-31
31	5.927420446883785e-31
32	4.530829875561545e-31
33	3.787962079647e-31
34	3.0140529014831196e-31
35	2.318360678520377e-31
