5	0.0870043480872695
6	0.08226092173856306
7	0.08549645726469741
8	0.08671483531518909
9	0.08936695971355459
10	0.10841023620595956
11	0.14198679720270485
12	0.1808523160538565
13	0.2160226187391468
14	0.2310109594278329
15	0.23697540698727743
16	0.23971645074821973
17	0.2414571340032591
18	0.24251779055430522
19	0.24348479200770173
20	0.24433919693306685
21	0.24511706735803665
22	0.24562654659796673
23	0.246139347181978
24	0.24656389122236952
25	0.2467944232530017
26	0.247082205696824
27	0.2472983132223561
28	0.24755786520295583
29	0.24772318219064024
30	0.24782216073539265
