5	3.4195768032705935e-11
6	2.9474318184702194e-11
7	2.4247166097263967e-11
8	2.7049985618175237e-11
9	2.6490407245796628e-11
10	1.9668068461158666e-11
11	9.919982592573284e-12
12	2.668711922816287e-12
13	1.1383360063687617e-12
14	1.0132773662655629e-14
15	1.3322873446199687e-15
16	9.18692551387947e-16
17	8.212029774929358e-16
18	4.740258702189854e-16
19	3.5115885972371027e-16
20	2.4755617617288295e-16
21	2.597254662377616e-16
22	1.7472405891426674e-16
23	1.0757315582661808e-16
24	9.358109614631806e-17
25	6.228477805008232e-17
26	5.711106638791703e-17
27	4.752398738670788e-17
28	4.2881719513120305e-17
29	2.860549489870415e-17
30	3.524207904852159e-17
