5	0.08629477907448901
6	0.0793170671260614
7	0.07643988261422816
8	0.0641059037746677
9	0.05502727363690123
10	0.043714355201246065
11	0.03979848322740595
12	0.032998975351967746
13	0.02844970086116174
14	0.0261336631028723
15	0.022760415475410283
16	0.02158602299317688
17	0.02038403129144588
18	0.019648694636999267
19	0.01894805632924387
20	0.018336446808301647
21	0.017972038455378633
22	0.018000839733836444
23	0.017470232462653647
24	0.01750184343978703
25	0.017390263772481297
26	0.017162460871483952
27	0.017065423908135546
28	0.01696542417819084
29	0.016896207883990648
30	0.016861617099730854
