10	0.08282834855765031
11	0.08307449155567305
12	0.08506982410661948
13	0.08515792728713117
14	0.08064714061346558
15	0.08085610927239363
16	0.07681524489088719
17	0.07516936089319867
18	0.06924314407959921
19	0.06685747447062286
20	0.06435335038987663
21	0.06317804472025162
22	0.06294892927173627
23	0.0628773838471274
24	0.06257604991239803
25	0.06262561740738509
26	0.06288454706110365
27	0.06270457292518186
28	0.06256031791937434
29	0.06264353523144799
30	0.06263648281638226
31	0.06253232941871846
32	0.06260800891095021
33	0.0625381698281854
34	0.06257161422452623
35	0.06256313405934609
