5	5.979817601489754e-4
6	2.793589061897903e-4
7	1.0329278503677502e-4
8	2.9181513351937474e-5
9	2.253444971581061e-6
10	3.0716954067479053e-7
11	2.9130179914065346e-7
12	2.874574459448686e-7
13	2.7925340890674775e-7
14	2.799278949671493e-7
15	2.764150854803437e-7
16	2.782981925860861e-7
17	2.738427970828805e-7
18	2.754650353818031e-7
19	2.753898481989989e-7
20	2.74168536367888e-7
21	2.7583330308399657e-7
22	2.7394850420367523e-7
23	2.7228108850592174e-7
24	2.7312127230954275e-7
25	2.732991200279882e-7
26	2.726790585931205e-7
27	2.738500210523015e-7
28	2.7321993918323583e-7
29	2.7365384453497165e-7
30	2.7283293996569306e-7
