5	1.2114685162284643e-12
6	5.7510500641039e-13
7	2.1446682949440289e-13
8	6.317069853068904e-14
9	3.899768567388253e-15
10	6.804779860953333e-17
11	4.7019758993683914e-17
12	3.4821749876910893e-17
13	2.3987914904630302e-17
14	1.8188301724692218e-17
15	1.5331205004343594e-17
16	1.1271137796400969e-17
17	8.382317326660272e-18
18	6.341834218405767e-18
19	5.1184186745702205e-18
20	3.764770454637156e-18
21	3.008109326503728e-18
22	2.4750292062940505e-18
23	1.985108967022208e-18
24	1.4820567859523634e-18
25	1.2450796046070411e-18
26	9.53820165734986e-19
27	7.762010675106063e-19
28	5.66703299046237e-19
29	4.936661256476573e-19
30	3.6233405868961946e-19
