10	0.007311176802578154
11	0.007523567695726114
12	0.007330377577728861
13	0.0067632695168530375
14	0.0066268359483862595
15	0.005193244256816008
16	0.0040121461862127235
17	0.0025473203220667913
18	0.0013024044668564407
19	4.3473392334044444e-4
20	1.1226239142292195e-4
21	1.900069116810283e-5
22	7.697419415127823e-7
23	6.177421571413238e-7
24	5.627542778052487e-7
25	5.146370327600978e-7
26	5.067818188609364e-7
27	4.60907973080939e-7
28	4.48834100770203e-7
29	4.413774399411338e-7
30	4.238365783923391e-7
31	4.2511958500628293e-7
32	4.135202110142952e-7
33	4.0955451099492396e-7
34	4.036971557092499e-7
35	4.029491342471796e-7
