10	1.7764714411101431e-10
11	1.7447320881862962e-10
12	1.6998687984489485e-10
13	1.6439119446792022e-10
14	1.5272660567562515e-10
15	1.3710670844252425e-10
16	9.694346809776226e-11
17	6.155130046843319e-11
18	3.138416010704645e-11
19	1.0177679001242414e-11
20	2.4058095830804955e-12
21	3.2361872825859806e-13
22	5.881403142690746e-14
23	6.478768782975817e-15
24	4.8814974136026124e-15
25	3.706304915238171e-15
26	2.765763108518815e-15
27	2.139039772353233e-15
28	1.4812953720243384e-15
29	1.285280556270286e-15
30	1.0065906807929915e-15
31	7.320611660273017e-16
32	5.601612378967193e-16
33	4.669889375392623e-16
34	3.7263234763646744e-16
35	2.830698850370516e-16
