10	5.882483595426065e-15
11	5.7701400428355285e-15
12	5.612100722034002e-15
13	5.44048715948326e-15
14	5.052129632524193e-15
15	4.583526116928045e-15
16	3.225094620606091e-15
17	2.039470417440633e-15
18	1.0418550288958681e-15
19	3.398734591253513e-16
20	8.032246320173716e-17
21	1.1582813846530248e-17
22	1.850717783828415e-18
23	2.309311291494107e-19
24	1.7361204664173792e-19
25	1.3215790368209347e-19
26	9.877543007458157e-20
27	7.644323538319295e-20
28	5.280855294312898e-20
29	4.6003256608560154e-20
30	3.604963867594408e-20
31	2.6088263245940582e-20
32	1.9999912305427653e-20
33	1.665187803105378e-20
34	1.3299223479568656e-20
35	1.0129521485910224e-20
