-5	0.001736092249179812
-4	0.001735943013737364
-3	0.0017361954363940009
-2	0.00173614630061445
-1	0.0017360883291346538
0	0.0017360892801257328
1	0.0017361120561407743
2	0.0017361127713711258
3	0.001736108199393575
4	0.0017361133712038318
5	0.0017361125858693907
6	0.0017361126250219569
7	0.0017361127283924667
8	0.0017361129340133018
9	0.0017361129370831658
10	0.0017361129161617762
11	0.001736112815301614
12	0.001736112771381696
13	0.001736112946266192
14	0.0017361129434721467
15	0.001736112921781308
