-5	6.196483381462026e-10
-4	2.8503668661364264e-10
-3	9.89412841598104e-11
-2	1.9060623806121312e-11
-1	4.140007283058519e-12
0	8.12537914821382e-15
1	5.736415087582483e-15
2	4.354358758735002e-15
3	2.929343337855643e-15
4	2.2956703213923364e-15
5	1.758209255013909e-15
6	1.2278359741966124e-15
7	1.0125252867656748e-15
8	8.29195349669331e-16
9	5.914643011976016e-16
10	4.4365482451078465e-16
11	3.4753246792514983e-16
12	2.9277266388610985e-16
13	2.2117053889806764e-16
14	1.6820641125366952e-16
15	1.3711633453170854e-16
