-5	9.448205761128095e-5
-4	6.22063325774767e-5
-3	2.2496857467606436e-5
-2	4.228554854378061e-6
-1	1.0790517631673795e-9
0	8.090626508516418e-10
1	5.169332956621867e-10
2	3.969381032556068e-10
3	2.929801488802544e-10
4	2.0196773594712704e-10
5	1.6121964172660342e-10
6	1.217319553160809e-10
7	8.32807291897672e-11
8	7.130378490653562e-11
9	5.701260214107594e-11
10	4.366330409729448e-11
11	3.468862108222505e-11
12	2.715121053380872e-11
13	2.0817551616466142e-11
14	1.5752918861386662e-11
15	1.3413035077687029e-11
