5	1.1759849551875572e-12
6	9.341180535164457e-13
7	7.419963444738003e-13
8	5.893886464777434e-13
9	4.681680431231996e-13
10	3.718790952483725e-13
11	2.953940652595026e-13
12	2.3463984640560995e-13
13	1.863810549913447e-13
14	1.480477343973241e-13
15	1.175984955187557e-13
16	9.341180535164454e-14
17	7.419963444738003e-14
18	5.893886464777436e-14
19	4.681680431231997e-14
20	3.7187909524837246e-14
21	2.953940652595026e-14
22	2.3463984640560982e-14
23	1.8638105499134475e-14
24	1.4804773439732412e-14
25	1.1759849551875574e-14
26	9.341180535164453e-15
27	7.419963444738e-15
28	5.893886464777438e-15
29	4.681680431231997e-15
30	3.718790952483725e-15
