-5	0.0032201579450652617
-4	0.0025578623760370597
-3	0.0020317823058251736
-2	0.0016139020523301404
-1	0.0012819679682452953
0	0.0010183033531893594
1	8.088671049527202e-4
2	6.425059796036345e-4
3	5.103606405783502e-4
4	4.053938667033544e-4
5	3.2201579450652615e-4
6	2.557862376037059e-4
7	2.031782305825174e-4
8	1.61390205233014e-4
9	1.2819679682452953e-4
10	1.0183033531893593e-4
11	8.088671049527202e-5
12	6.425059796036345e-5
13	5.1036064057835016e-5
14	4.053938667033545e-5
15	3.2201579450652613e-5
