-5	0.0032201579450652617
-4	0.0025578623760370597
-3	0.0020317823058251736
-2	0.0016139020523301404
-1	0.0012819679682452953
0	0.0010183033531893594
1	8.088671049527202e-4
2	6.425059796036345e-4
3	5.103606405783502e-4
4	4.053938667033544e-4
5	3.2201579450652615e-4
6	2.557862376037059e-4
7	2.031782305825174e-4
8	1.61390205233014e-4
9	1.2819679682452953e-4
10	1.0183033531893593e-4
11	8.088671049527202e-5
12	6.425059796036345e-5
13	5.1036064057835016e-5
14	4.053938667033545e-5
15	3.2201579450652613e-5
16	2.5578623760370583e-5
17	2.0317823058251737e-5
18	1.6139020523301404e-5
19	1.2819679682452956e-5
20	1.0183033531893593e-5
21	8.0886710495272e-6
22	6.425059796036341e-6
23	5.103606405783503e-6
24	4.053938667033545e-6
25	3.220157945065262e-6
26	2.5578623760370585e-6
27	2.031782305825173e-6
28	1.613902052330141e-6
29	1.2819679682452955e-6
30	1.0183033531893591e-6
31	8.088671049527201e-7
32	6.425059796036342e-7
33	5.103606405783504e-7
34	4.0539386670335445e-7
35	3.220157945065262e-7
