5	3.608869430165132e-17
6	2.866626883813493e-17
7	2.2770426722327403e-17
8	1.8087192862264925e-17
9	1.4367167977400524e-17
10	1.1412247177475787e-17
11	9.065070154721504e-18
12	7.200641173651703e-18
13	5.719672592349735e-18
14	4.543297433482022e-18
15	3.608869430165132e-18
16	2.8666268838134922e-18
17	2.27704267223274e-18
18	1.8087192862264927e-18
19	1.4367167977400527e-18
20	1.1412247177475787e-18
21	9.065070154721504e-19
22	7.2006411736517e-19
23	5.719672592349737e-19
24	4.543297433482021e-19
25	3.6088694301651323e-19
26	2.866626883813492e-19
27	2.277042672232739e-19
28	1.8087192862264937e-19
29	1.4367167977400526e-19
30	1.1412247177475786e-19
