5	2.0786563065109393e-20
6	1.6511353945493292e-20
7	1.311543463243149e-20
8	1.0417960039221008e-20
9	8.275279807382529e-21
10	6.5732884012476585e-21
11	5.221348572096646e-21
12	4.147464594153677e-21
13	3.294448229655549e-21
14	2.6168732466528273e-21
15	2.078656306510939e-21
16	1.6511353945493287e-21
17	1.3115434632431489e-21
18	1.0417960039221009e-21
19	8.275279807382532e-22
20	6.573288401247658e-22
21	5.221348572096646e-22
22	4.147464594153675e-22
23	3.29444822965555e-22
24	2.6168732466528275e-22
25	2.0786563065109393e-22
