5	1.3066499541321323e-11
6	1.0379089514683401e-11
7	8.244403852243767e-12
8	6.548762758306855e-12
9	5.201867161434001e-12
10	4.13198995961208e-12
11	3.282156290517118e-12
12	2.6071094123356587e-12
13	2.0709006172336428e-12
14	1.6449748315766248e-12
15	1.3066499541321323e-12
16	1.0379089514683399e-12
17	8.244403852243766e-13
18	6.548762758306856e-13
19	5.201867161434003e-13
20	4.13198995961208e-13
21	3.282156290517118e-13
22	2.6071094123356577e-13
23	2.0709006172336433e-13
24	1.6449748315766248e-13
25	1.3066499541321325e-13
26	1.0379089514683399e-13
27	8.244403852243763e-14
28	6.548762758306859e-14
29	5.201867161434002e-14
30	4.1319899596120805e-14
