5	1.9125303669040638e-5
6	1.5191768701994874e-5
7	1.206725081539518e-5
8	9.585358038167996e-6
9	7.613920529658186e-6
10	6.047952053654355e-6
11	4.8040590784763555e-6
12	3.815999767317283e-6
13	3.031156358881406e-6
14	2.4077330797235483e-6
15	1.9125303669040634e-6
16	1.5191768701994868e-6
17	1.2067250815395177e-6
18	9.585358038167998e-7
19	7.613920529658188e-7
20	6.047952053654355e-7
21	4.804059078476355e-7
22	3.815999767317281e-7
23	3.0311563588814075e-7
24	2.407733079723549e-7
25	1.9125303669040641e-7
26	1.5191768701994869e-7
27	1.2067250815395173e-7
28	9.585358038168001e-8
29	7.613920529658188e-8
30	6.047952053654355e-8
