-5	6.098629981058565e-6
-4	4.84431398709083e-6
-3	3.847975377816004e-6
-2	3.0565554891230865e-6
-1	2.427908326011954e-6
0	1.928556134673461e-6
1	1.531906590021854e-6
2	1.216836657414553e-6
3	9.665677140318973e-7
4	7.67772026028441e-7
5	6.098629981058567e-7
6	4.844313987090829e-7
7	3.847975377816005e-7
8	3.056555489123086e-7
9	2.427908326011954e-7
10	1.928556134673461e-7
11	1.5319065900218536e-7
12	1.216836657414553e-7
13	9.665677140318971e-8
14	7.677720260284411e-8
15	6.098629981058566e-8
16	4.844313987090827e-8
17	3.8479753778160045e-8
18	3.056555489123087e-8
19	2.4279083260119545e-8
20	1.928556134673461e-8
21	1.5319065900218537e-8
22	1.2168366574145523e-8
23	9.665677140318975e-9
24	7.677720260284411e-9
25	6.098629981058567e-9
26	4.844313987090828e-9
27	3.847975377816003e-9
28	3.0565554891230876e-9
29	2.4279083260119546e-9
30	1.928556134673461e-9
31	1.5319065900218537e-9
32	1.2168366574145524e-9
33	9.665677140318973e-10
34	7.67772026028441e-10
35	6.098629981058566e-10
