-5	9.073957986381252e-15
-4	7.207701029284516e-15
-3	5.7252804350119565e-15
-2	4.5477519012445135e-15
-1	3.61240773967955e-15
0	2.8694374629639887e-15
1	2.2792751946079057e-15
2	1.810492641783741e-15
3	1.4381254241293802e-15
4	1.142343629460799e-15
5	9.073957986381252e-16
6	7.207701029284516e-16
7	5.725280435011957e-16
8	4.547751901244512e-16
9	3.612407739679549e-16
10	2.869437462963989e-16
11	2.2792751946079054e-16
12	1.8104926417837411e-16
13	1.43812542412938e-16
14	1.1423436294607993e-16
15	9.073957986381252e-17
16	7.207701029284515e-17
17	5.725280435011957e-17
18	4.547751901244514e-17
19	3.61240773967955e-17
20	2.8694374629639886e-17
21	2.2792751946079055e-17
22	1.81049264178374e-17
23	1.4381254241293803e-17
24	1.1423436294607993e-17
25	9.073957986381253e-18
26	7.207701029284514e-18
27	5.725280435011955e-18
28	4.5477519012445156e-18
29	3.61240773967955e-18
30	2.8694374629639886e-18
31	2.2792751946079056e-18
32	1.8104926417837403e-18
33	1.4381254241293803e-18
34	1.1423436294607992e-18
35	9.073957986381253e-19
