5	3.667401702083973e-8
6	2.9131207200411874e-8
7	2.3139740390890446e-8
8	1.8380549136674155e-8
9	1.4600189148997298e-8
10	1.1597342473363637e-8
11	9.212096574359869e-9
12	7.3174284100208766e-9
13	5.812439991653188e-9
14	4.616985198010696e-9
15	3.667401702083972e-9
16	2.9131207200411864e-9
17	2.3139740390890444e-9
18	1.838054913667416e-9
19	1.4600189148997303e-9
20	1.1597342473363637e-9
21	9.212096574359869e-10
22	7.317428410020874e-10
23	5.812439991653191e-10
24	4.6169851980106957e-10
25	3.667401702083973e-10
26	2.9131207200411864e-10
27	2.3139740390890435e-10
28	1.8380549136674166e-10
29	1.4600189148997302e-10
30	1.1597342473363637e-10
