5	1.443511319755278e-22
6	1.1466217984257278e-22
7	9.107940690398893e-23
8	7.234694450578005e-23
9	5.746722071697182e-23
10	4.564783598662289e-23
11	3.6259364978237685e-23
12	2.880183737538698e-23
13	2.2878112639206973e-23
14	1.8172730826524552e-23
15	1.4435113197552776e-23
16	1.1466217984257272e-23
17	9.107940690398892e-24
18	7.234694450578005e-24
19	5.746722071697183e-24
20	4.564783598662289e-24
21	3.625936497823769e-24
22	2.8801837375386964e-24
23	2.287811263920698e-24
24	1.8172730826524554e-24
25	1.443511319755278e-24
26	1.1466217984257271e-24
27	9.10794069039889e-25
28	7.234694450578008e-25
29	5.746722071697183e-25
30	4.564783598662289e-25
