-5	8.316103607918104e-10
-4	6.605715898661818e-10
-3	5.247106648874162e-10
-2	4.1679249618102523e-10
-1	3.310700477378007e-10
0	2.629782865896508e-10
1	2.088910781575735e-10
2	1.6592808136255728e-10
3	1.318013599599071e-10
4	1.046935415912126e-10
5	8.316103607918105e-11
6	6.605715898661817e-11
7	5.2471066488741625e-11
8	4.1679249618102516e-11
9	3.310700477378006e-11
10	2.629782865896508e-11
11	2.0889107815757348e-11
12	1.659280813625573e-11
13	1.3180135995990708e-11
14	1.0469354159121262e-11
15	8.316103607918104e-12
16	6.605715898661815e-12
17	5.247106648874162e-12
18	4.1679249618102525e-12
19	3.3107004773780072e-12
20	2.629782865896508e-12
21	2.0889107815757348e-12
22	1.6592808136255721e-12
23	1.3180135995990713e-12
24	1.046935415912126e-12
25	8.316103607918105e-13
26	6.605715898661814e-13
27	5.24710664887416e-13
28	4.1679249618102547e-13
29	3.3107004773780067e-13
30	2.629782865896508e-13
31	2.0889107815757344e-13
32	1.659280813625572e-13
33	1.318013599599071e-13
34	1.046935415912126e-13
35	8.316103607918103e-14
