-5	8.316103607918104e-10
-4	6.605715898661818e-10
-3	5.247106648874162e-10
-2	4.1679249618102523e-10
-1	3.310700477378007e-10
0	2.629782865896508e-10
1	2.088910781575735e-10
2	1.6592808136255728e-10
3	1.318013599599071e-10
4	1.046935415912126e-10
5	8.316103607918105e-11
6	6.605715898661817e-11
7	5.2471066488741625e-11
8	4.1679249618102516e-11
9	3.310700477378006e-11
10	2.629782865896508e-11
11	2.0889107815757348e-11
12	1.659280813625573e-11
13	1.3180135995990708e-11
14	1.0469354159121262e-11
15	8.316103607918104e-12
