5	5.791720167136183e-26
6	4.600526856378305e-26
7	3.6543283766286275e-26
8	2.902736208510266e-26
9	2.3057253283762135e-26
10	1.8315027298481424e-26
11	1.4548143302929772e-26
12	1.1556000988332087e-26
13	9.179257865533879e-27
14	7.291343696408504e-27
15	5.7917201671361825e-27
16	4.600526856378303e-27
17	3.6543283766286275e-27
18	2.9027362085102665e-27
19	2.305725328376214e-27
20	1.8315027298481423e-27
21	1.4548143302929772e-27
22	1.1556000988332081e-27
23	9.179257865533881e-28
24	7.2913436964085035e-28
25	5.791720167136183e-28
26	4.600526856378304e-28
27	3.6543283766286256e-28
28	2.902736208510268e-28
29	2.305725328376214e-28
30	1.8315027298481424e-28
