5	1.0916830058912975e-15
6	8.671546349481318e-16
7	6.888054104113283e-16
8	5.471375857205645e-16
9	4.346068326167212e-16
10	3.452204781515515e-16
11	2.7421837300079424e-16
12	2.1781939615468553e-16
13	1.730200964362603e-16
14	1.3743474777403963e-16
15	1.0916830058912974e-16
16	8.671546349481315e-17
17	6.888054104113283e-17
18	5.4713758572056455e-17
19	4.346068326167213e-17
20	3.452204781515515e-17
21	2.7421837300079427e-17
22	2.1781939615468542e-17
23	1.7302009643626038e-17
24	1.3743474777403962e-17
25	1.0916830058912976e-17
26	8.671546349481315e-18
27	6.8880541041132796e-18
28	5.471375857205648e-18
29	4.346068326167213e-18
30	3.4522047815155155e-18
