10	2.777214313079812e-19
11	2.2060197427596944e-19
12	1.752303768033222e-19
13	1.3919043587625361e-19
14	1.1056289322008785e-19
15	8.782322779752159e-20
16	6.976046950419375e-20
17	5.541271059480333e-20
18	4.401588058805761e-20
19	3.4963056727346575e-20
20	2.777214313079812e-20
21	2.2060197427596945e-20
22	1.752303768033221e-20
23	1.3919043587625367e-20
24	1.1056289322008787e-20
25	8.782322779752161e-21
26	6.976046950419375e-21
27	5.5412710594803305e-21
28	4.4015880588057624e-21
29	3.496305672734658e-21
30	2.7772143130798117e-21
31	2.2060197427596942e-21
32	1.752303768033221e-21
33	1.3919043587625364e-21
34	1.1056289322008784e-21
35	8.78232277975216e-22
