5	7.245355376779418e-4
6	5.755190346387277e-4
7	4.571510188348033e-4
8	3.631279617934559e-4
9	2.884427928704222e-4
10	2.2911825447970404e-4
11	1.8199509862397198e-4
12	1.4456384541845123e-4
13	1.1483114413619225e-4
14	9.121362001307114e-5
15	7.245355376779417e-5
16	5.7551903463872744e-5
17	4.5715101883480316e-5
18	3.63127961793456e-5
19	2.8844279287042224e-5
20	2.2911825447970404e-5
21	1.81995098623972e-5
22	1.4456384541845113e-5
23	1.148311441361923e-5
24	9.121362001307114e-6
25	7.2453553767794186e-6
26	5.755190346387274e-6
27	4.57151018834803e-6
28	3.6312796179345606e-6
29	2.8844279287042223e-6
30	2.29118254479704e-6
