5	7.24425025490822e-9
6	5.7543125168821724e-9
7	4.5708129035868544e-9
8	3.6307257449611117e-9
9	2.883987971762962e-9
10	2.290833074576535e-9
11	1.8196733921763771e-9
12	1.445417953382207e-9
13	1.1481362913488724e-9
14	9.119970735300333e-10
15	7.244250254908219e-10
16	5.754312516882171e-10
17	4.5708129035868536e-10
18	3.6307257449611126e-10
19	2.883987971762963e-10
20	2.2908330745765352e-10
21	1.8196733921763772e-10
22	1.4454179533822064e-10
23	1.1481362913488728e-10
24	9.119970735300333e-11
25	7.24425025490822e-11
26	5.754312516882171e-11
27	4.570812903586852e-11
28	3.630725744961114e-11
29	2.8839879717629625e-11
30	2.290833074576535e-11
