5	7.4708217275809395e-6
6	5.934284634809174e-6
7	4.7137698383194e-6
8	3.7442804745688093e-6
9	2.9741876996768376e-6
10	2.362481265222974e-6
11	1.8765855729737518e-6
12	1.490624905489295e-6
13	1.1840454498133604e-6
14	9.405207319835647e-7
15	7.470821727580938e-7
16	5.934284634809173e-7
17	4.713769838319399e-7
18	3.74428047456881e-7
19	2.974187699676838e-7
20	2.3624812652229742e-7
21	1.8765855729737517e-7
22	1.490624905489294e-7
23	1.184045449813361e-7
24	9.405207319835648e-8
25	7.47082172758094e-8
26	5.9342846348091725e-8
27	4.713769838319398e-8
28	3.744280474568811e-8
29	2.974187699676838e-8
30	2.362481265222974e-8
