5	9.86173371934711e-4
6	7.833453536609913e-4
7	6.222333319530034e-4
8	4.942575041568368e-4
9	3.926026907761295e-4
10	3.118554023122059e-4
11	2.477155512078851e-4
12	1.9676745650471178e-4
13	1.5629794637657453e-4
14	1.241518718363349e-4
15	9.861733719347111e-5
16	7.833453536609911e-5
17	6.222333319530033e-5
18	4.9425750415683696e-5
19	3.9260269077612954e-5
20	3.118554023122059e-5
21	2.477155512078851e-5
22	1.9676745650471167e-5
23	1.562979463765746e-5
24	1.2415187183633489e-5
25	9.861733719347112e-6
26	7.83345353660991e-6
27	6.222333319530031e-6
28	4.942575041568371e-6
29	3.926026907761295e-6
30	3.118554023122059e-6
