-5	0.003156048109267318
-4	0.0031864027775838403
-3	0.002625526796933085
-2	0.0019106527785449068
-1	0.0013278414739703469
0	8.109852866677675e-4
1	3.7522085028293754e-4
2	1.727831309532519e-4
3	3.944145448657473e-5
4	1.2488061800019198e-5
5	6.540324674127353e-7
6	4.894501752837357e-7
7	3.7831394060409374e-7
8	2.9910253797533754e-7
9	2.3424477284636454e-7
10	2.018044035119532e-7
11	1.6434440319565795e-7
12	1.2643831106177456e-7
13	9.97192923477518e-8
14	9.031006705350224e-8
15	7.471477187792697e-8
