-5	7.327153420322901e-7
-4	7.389655261885672e-7
-3	6.176217053271531e-7
-2	4.51090819870899e-7
-1	3.154152171014252e-7
0	1.9355362717362133e-7
1	8.697882699566664e-8
2	3.9981645404642505e-8
3	9.36473256004732e-9
4	3.483739375388982e-9
5	1.7179347408013773e-10
6	1.3206919703864188e-10
7	1.0183329746015991e-10
8	8.046506319617047e-11
9	6.306480555916827e-11
10	5.432573244426223e-11
11	4.4146952620343754e-11
12	3.296402153109178e-11
13	2.5869615204412144e-11
14	2.3102412855688584e-11
15	1.896332430896732e-11
