-5	8.171768403566043e-10
-4	6.491066370580276e-10
-3	5.156037291621179e-10
-2	4.0955860000260164e-10
-1	3.2532395975621465e-10
0	2.584140066666672e-10
1	2.0526554174356246e-10
2	1.630482154228873e-10
3	1.2951380113180644e-10
4	1.0287646902545945e-10
5	8.171768403566044e-11
6	6.491066370580275e-11
7	5.15603729162118e-11
8	4.0955860000260156e-11
9	3.253239597562146e-11
10	2.584140066666672e-11
11	2.052655417435624e-11
12	1.630482154228873e-11
13	1.2951380113180643e-11
14	1.0287646902545948e-11
15	8.171768403566043e-12
