-5	8.102101743134603e-4
-4	6.435728175180636e-4
-3	5.112080600556554e-4
-2	4.060669959208332e-4
-1	3.225504800495875e-4
0	2.562109534272584e-4
1	2.0351559435289929e-4
2	1.6165818280120147e-4
3	1.2840965897321357e-4
4	1.0199941773373971e-4
5	8.102101743134605e-5
6	6.435728175180634e-5
7	5.112080600556555e-5
8	4.060669959208332e-5
9	3.225504800495875e-5
10	2.5621095342725845e-5
11	2.0351559435289925e-5
12	1.6165818280120145e-5
13	1.2840965897321353e-5
14	1.0199941773373974e-5
15	8.102101743134603e-6
