5	1.1105231880958587e-22
6	8.519183135640026e-23
7	7.560630971582592e-23
8	7.787223663387647e-23
9	1.234293178074059e-22
10	8.366985368098492e-23
11	6.505467109069113e-23
12	7.003611777203704e-23
13	1.0222145017408426e-22
14	9.661703662721837e-23
15	1.2321574903621724e-22
16	1.3180819974776486e-22
17	7.926449875496908e-23
18	6.26995761668771e-23
19	4.9244429736002807e-23
20	1.1693484609083167e-23
21	1.200697808932403e-23
22	2.7084428329428913e-26
23	1.509454763953374e-26
24	8.649865088696053e-27
25	3.84477884311754e-27
26	3.3835113834594674e-27
27	3.1070142604935942e-27
28	2.7877041128416604e-27
29	3.163844459900431e-27
30	1.781951600534973e-27
