-5	1.2148119307913592e-10
-4	1.1908569940975827e-10
-3	1.1992036677796647e-10
-2	1.1202355959421018e-10
-1	1.0406273037229988e-10
0	8.79267567992701e-11
1	6.175549302773723e-11
2	2.6387138067063685e-11
3	5.644956138548662e-12
4	7.640091648135903e-13
5	2.454902324032376e-15
6	1.6386415748874434e-15
7	1.2479925004941793e-15
8	9.602275536405223e-16
9	7.232880391427582e-16
10	5.505408650022053e-16
11	4.2666971657703776e-16
12	3.322806608646225e-16
13	2.478719537976152e-16
14	1.9725053064732393e-16
15	1.5815392200856973e-16
