5	4.340277676295323e-6
6	4.340277812257724e-6
7	4.340277857538345e-6
8	4.340277866892358e-6
9	4.340277650082373e-6
10	4.340277829167073e-6
11	4.340277729223625e-6
12	4.340277780797249e-6
13	4.3402777819275286e-6
14	4.340277857837257e-6
15	4.340277802641016e-6
16	4.340277774111604e-6
17	4.3402777772727e-6
18	4.3402777772030846e-6
19	4.3402777776603375e-6
20	4.3402777776629896e-6
21	4.340277777866273e-6
22	4.340277777809087e-6
23	4.340277777641794e-6
24	4.340277777397041e-6
25	4.3402777774648415e-6
26	4.340277777368505e-6
27	4.340277777699637e-6
28	4.340277777922493e-6
29	4.340277777718484e-6
30	4.340277777604721e-6
