5	0.07393552715033386
6	0.07544916938138116
7	0.07166668342159269
8	0.07283618931589204
9	0.0698628103614532
10	0.06636473660616837
11	0.061189931793895265
12	0.054409732428236934
13	0.04048849288624355
14	0.02077026233881521
15	0.006084938439925901
16	0.0014624216105077878
17	4.8537564806780175e-4
18	2.2927399557256476e-4
19	1.7162721635028883e-4
20	1.3373263380299494e-4
21	9.832619703872954e-5
22	7.533271725819086e-5
23	6.15638841113795e-5
24	4.528406641256988e-5
25	3.725387265570375e-5
26	2.8803925803409435e-5
27	2.1940200867231282e-5
28	1.7150425900376788e-5
29	1.4738476380482957e-5
30	1.0593533917923943e-5
