5	0.03302383165941748
6	0.03233267203795706
7	0.02811532811220853
8	0.025986748672159384
9	0.024146137160955976
10	0.020290361295825423
11	0.020234032995960466
12	0.01562609257806013
13	0.011915404104926681
14	0.005305161002506325
15	0.0015953990529758736
16	1.906890057501925e-4
17	5.2707752877167695e-5
18	6.629111733117448e-6
19	2.0676748805198864e-6
20	1.5759260843820817e-6
21	1.1464667605181627e-6
22	8.849666693296329e-7
23	7.262960076603331e-7
24	5.233191203912934e-7
25	4.2673082992166634e-7
26	3.2596648642323956e-7
27	2.49077187770121e-7
28	1.9280261616595704e-7
29	1.6658602365870164e-7
30	1.1863814247526023e-7
