10	1.4067052604454525e-26
11	1.4454355421622725e-26
12	1.357390769931106e-26
13	1.427015141614779e-26
14	1.428341195520088e-26
15	1.4055370144814343e-26
16	1.4145188894965016e-26
17	1.455551420184435e-26
18	1.366831101926331e-26
19	1.3537626568961157e-26
20	1.3709855480588285e-26
21	1.3658888151850445e-26
22	1.295998543288062e-26
23	1.1566650536111825e-26
24	9.04425470034719e-27
25	5.727349332386576e-27
26	2.7598087023332278e-27
27	7.930878437239142e-28
28	2.3215093352490253e-28
29	2.8453993575492766e-29
30	1.6647642805401942e-30
31	1.2275242645081236e-30
32	9.112931002515553e-31
33	7.273940506693456e-31
34	5.047522229825493e-31
35	3.9330920068847656e-31
