5	3.556290134353127e-14
6	3.577574115759891e-14
7	3.4120809039522055e-14
8	3.47773828276043e-14
9	3.3034402880954776e-14
10	3.2036987466654507e-14
11	3.031325615407825e-14
12	2.5009034097425542e-14
13	1.8297170425889594e-14
14	9.403698208888234e-15
15	2.807874829557034e-15
16	4.966428829214426e-16
17	1.924511586436822e-16
18	2.795153277537175e-17
19	8.510538972532132e-18
20	6.498853288069295e-18
21	4.666015578508776e-18
22	3.542845106307424e-18
23	2.9391715903481715e-18
24	2.1192326906795643e-18
25	1.6922509694351908e-18
26	1.2823642609471504e-18
27	9.835581434947008e-19
28	7.739889844411353e-19
29	6.639265213555919e-19
30	4.611840958351068e-19
