5	1.769652597092026e-5
6	1.6719683886460968e-5
7	1.7039296281541175e-5
8	1.6557944332056858e-5
9	1.66988787034897e-5
10	1.6193606579699103e-5
11	1.6508702958980293e-5
12	1.5555802420682704e-5
13	1.447113844998782e-5
14	1.4041258346472985e-5
15	1.403901535067255e-5
16	1.4038830791690053e-5
17	1.1932473064302197e-5
18	1.0525965239868246e-5
19	7.018289270158587e-6
20	3.3631643006584037e-6
21	1.4410431863710502e-6
22	1.6658107597055275e-7
23	1.2404134282342517e-8
24	6.414321156693972e-9
25	4.8223372615797776e-9
26	3.644959462684439e-9
27	2.6595563510240206e-9
28	2.026422276716601e-9
29	1.683598768376973e-9
30	1.2087509094454917e-9
