10	2.2090071175460704e-5
11	2.11790401828073e-5
12	2.1902505640618187e-5
13	2.186131290861829e-5
14	2.145572617017908e-5
15	2.0700672878228117e-5
16	2.131109906635616e-5
17	2.1223416597490818e-5
18	1.9630536169724914e-5
19	1.983506462085659e-5
20	2.0099892845276684e-5
21	1.922765423047505e-5
22	1.797021667288814e-5
23	1.6811565241441433e-5
24	1.2503239317906194e-5
25	9.28058085146036e-6
26	4.244164869219024e-6
27	1.5159272627777297e-6
28	2.1781687962734856e-7
29	6.210530063384122e-8
30	1.5492708481644945e-8
31	1.1120673507020329e-8
32	8.282679805004058e-9
33	6.107607922922718e-9
34	4.805923551326855e-9
35	3.9352478160994284e-9
