10	5.665817935201687e-22
11	5.423263759208095e-22
12	5.364976489757816e-22
13	5.390853993835623e-22
14	5.336162190043139e-22
15	5.235653816520448e-22
16	5.549768696497073e-22
17	5.531445278806938e-22
18	5.261808638269572e-22
19	5.469939262460282e-22
20	5.251040641701128e-22
21	5.051176263476671e-22
22	5.044947222917493e-22
23	4.372717205549018e-22
24	3.4485622993326974e-22
25	2.5246190290862255e-22
26	1.1400343644876496e-22
27	3.8398243999064095e-23
28	7.395018932261825e-24
29	1.4416091286291045e-24
30	8.268457700835909e-25
31	5.93982466546533e-25
32	4.424222445539327e-25
33	3.2114741435221044e-25
34	2.489284330263384e-25
35	2.0702640600406476e-25
