5	1.397667117458887e-13
6	1.3368927948570769e-13
7	9.74121979828496e-14
8	1.2423416860622246e-13
9	1.0696204947377491e-13
10	1.162870496149804e-13
11	9.477231632213141e-14
12	7.699027948047023e-14
13	7.999959335156037e-14
14	8.029955174215691e-14
15	1.3468111404432295e-13
16	1.227287506787666e-13
17	8.293326599605919e-14
18	1.0657877066901354e-13
19	5.58437641984702e-14
20	2.1863609811784712e-14
21	1.0273582339608424e-14
22	5.405999923447147e-16
23	2.8452044706034273e-16
24	1.7741393824067096e-16
25	8.032494798849014e-17
26	7.116182209140666e-17
27	6.001837337670235e-17
28	5.012771798933953e-17
29	6.22813680600122e-17
30	3.919912085246972e-17
