5	1.9763693450518817e-9
6	1.9579141182311823e-9
7	1.918384660207942e-9
8	1.8841926168739223e-9
9	1.9429548882686517e-9
10	1.912094777772778e-9
11	1.9553593573073817e-9
12	1.9300569322553373e-9
13	1.8639303849754953e-9
14	1.8608649120898314e-9
15	1.8002228587033722e-9
16	1.7205472004521954e-9
17	1.6143402923138306e-9
18	1.3442803545253376e-9
19	8.864044248504584e-10
20	4.864093860678528e-10
21	1.732037538638027e-10
22	2.3485441004998135e-11
23	4.348425839793534e-12
24	2.0670737415490892e-12
25	1.5299066936390378e-12
26	1.163376082586624e-12
27	8.443388655815017e-13
28	6.434209817044628e-13
29	5.314866629373276e-13
30	3.8210444325722815e-13
