5	8.796871137329379e-10
6	8.684103580157898e-10
7	9.183140988825527e-10
8	8.443915452482524e-10
9	8.525884395394418e-10
10	8.091245692377839e-10
11	7.552626158426724e-10
12	6.587835505322385e-10
13	4.989395327298337e-10
14	2.4545490896000894e-10
15	9.069808573749894e-11
16	1.2786786030586591e-11
17	1.3355036874325499e-12
18	3.952849718313284e-13
19	2.860511275670633e-13
20	2.054562465270893e-13
21	1.5894389079643912e-13
22	1.249403538288755e-13
23	9.429221270460387e-14
24	7.0695821503132e-14
25	5.798555348624713e-14
26	4.2495076444021435e-14
27	3.2436297453503995e-14
28	2.6667539051749234e-14
29	2.1392528638068764e-14
30	1.6356754037632073e-14
