5	0.10264160971279965
6	0.07501242174205708
7	0.07746838147779592
8	0.0735323876370266
9	0.10840145857544618
10	0.0808308498230991
11	0.05785136129152342
12	0.04523042754621095
13	0.06189908472290129
14	0.06308801516024314
15	0.0721073707961008
16	0.0791439815988725
17	0.06976922019644381
18	0.036838894469935504
19	0.038147630883745176
20	0.010597988226947673
21	0.006618924255745474
22	5.981402952789682e-4
23	2.8939415390414025e-4
24	2.608347617523531e-4
25	1.3090637161202113e-4
26	9.831150116540303e-5
27	6.939971295073399e-5
28	5.227003738704075e-5
29	8.209729482261352e-5
30	5.9107101608027176e-5
