10	0.06976176379313158
11	0.07217097707448403
12	0.07295789107868986
13	0.07132213921267354
14	0.0682657357116786
15	0.06805093461729907
16	0.0685834879778337
17	0.06825135670807755
18	0.06781626494080382
19	0.06670781255236426
20	0.06423324933252278
21	0.0662592258711744
22	0.059008084442091366
23	0.05033316603927768
24	0.04366880885955244
25	0.026176814154630714
26	0.013568274887804608
27	0.004760146950883557
28	0.001397168036648193
29	4.2398659952662415e-4
30	1.6945392996310486e-4
31	1.2644107617342892e-4
32	9.880255948126555e-5
33	7.68842508448324e-5
34	5.494179369849778e-5
35	4.280779253199141e-5
