5	1.136803194033103e-5
6	1.0878858988483804e-5
7	1.0840680592185861e-5
8	1.0113114486219116e-5
9	1.0422770056335193e-5
10	1.0247542586930372e-5
11	8.5124578377739e-6
12	7.248488539494429e-6
13	5.694035285762326e-6
14	2.904135251246036e-6
15	1.0581818126024403e-6
16	1.293981409596173e-7
17	6.6425307192112545e-9
18	2.575755417791479e-9
19	1.8529140542665682e-9
20	1.3450008264899682e-9
21	1.0356908173957109e-9
22	8.225193998799488e-10
23	6.222028051446471e-10
24	4.617339956775619e-10
25	3.8267170017999684e-10
26	2.8219940319724004e-10
27	2.134673855996881e-10
28	1.764733843762123e-10
29	1.4015295806468712e-10
30	1.0765548721746183e-10
