10	1.5514355106543172e-17
11	1.5547399517926134e-17
12	1.5305514524666163e-17
13	1.5508040279497683e-17
14	1.484161107065805e-17
15	1.52402123707308e-17
16	1.5137930872072518e-17
17	1.5356251427405624e-17
18	1.5680924249930362e-17
19	1.5495487513869815e-17
20	1.5526396210636946e-17
21	1.495169088927337e-17
22	1.4951517966048924e-17
23	1.3270373467197472e-17
24	1.0598589011828577e-17
25	7.432251946393831e-18
26	3.467104383956385e-18
27	1.1364576373234924e-18
28	3.125476844637003e-19
29	1.0926842052358577e-19
30	6.604308775962026e-20
31	4.741320490608411e-20
32	3.524220340188644e-20
33	2.5646436640780588e-20
34	1.993561569063367e-20
35	1.6543802451830075e-20
