10	2.928728641950023e-13
11	3.0441535619718e-13
12	2.9729686013e-13
13	2.9361564131744567e-13
14	3.0555628393177567e-13
15	2.969609406776095e-13
16	3.0710176562931784e-13
17	3.0774559556042155e-13
18	3.096244882026408e-13
19	2.923487189304882e-13
20	3.049110332153569e-13
21	2.945775316460543e-13
22	2.969803980004889e-13
23	2.537083289752581e-13
24	2.0620220997110458e-13
25	1.350460553305394e-13
26	7.060292256889799e-14
27	2.1641566971925546e-14
28	7.232277449785961e-15
29	2.4673001086736736e-15
30	1.3857669892163998e-15
31	1.01137735857722e-15
32	7.668493149957077e-16
33	6.093814680251956e-16
34	4.219112991585293e-16
35	3.279298704437736e-16
