5	8.610001611306595e-19
6	8.958786055942983e-19
7	8.272568580076549e-19
8	8.642361737752509e-19
9	8.2361726044446595e-19
10	8.015615596316494e-19
11	7.874738862036036e-19
12	6.195328897890586e-19
13	4.718908823198569e-19
14	2.3895955054886055e-19
15	7.055223451060688e-20
16	1.1573079956508268e-20
17	3.499572874189205e-21
18	1.2525705706651789e-22
19	3.370982572481935e-23
20	2.5809729290374014e-23
21	1.853099896649563e-23
22	1.402872247460925e-23
23	1.1633250684616222e-23
24	8.419536415893194e-24
25	6.712390101044903e-24
26	5.0911366438199245e-24
27	3.911119205767935e-24
28	3.0909217156769146e-24
29	2.636876448599138e-24
30	1.8265125711927214e-24
