-5	0.0017361173463464113
-4	0.00173608049511854
-3	0.001736155127528751
-2	0.0017361095272540562
-1	0.001736115482767289
0	0.0017360662145096547
1	0.0017361159551367922
2	0.0017361115339016877
3	0.001736109741835424
4	0.0017361076850878991
5	0.001736111164858822
6	0.0017361111843393858
7	0.0017361111945543102
8	0.0017361110928555848
9	0.0017361111822989518
10	0.0017361110391531551
11	0.0017361111316619544
12	0.0017361110755816634
13	0.0017361111435648896
14	0.001736111096997798
15	0.0017361111097890496
