5	0.03841418297419315
6	0.03558891358873647
7	0.032108290708952394
8	0.03149835863748643
9	0.030492122226769666
10	0.028482473343196785
11	0.026879606843749796
12	0.023687433149438487
13	0.02530007307902829
14	0.024165947121300373
15	0.022010126220547
16	0.02001237110261193
17	0.01766741410691017
18	0.01412528536622374
19	0.011174849130562513
20	0.004573317439212555
21	0.0018943104575249862
22	2.1654205627600633e-4
23	1.0267150837634744e-5
24	4.193521424868286e-6
25	2.8268345063153603e-6
26	2.211765999887276e-6
27	1.6811283328438288e-6
28	1.3001519437575963e-6
29	9.528934877352629e-7
30	7.566426671349041e-7
