5	4.116667299247195e-18
6	4.084816331284608e-18
7	4.075973148883279e-18
8	4.1283336199235135e-18
9	4.1019035176331485e-18
10	4.142696789795751e-18
11	3.893092150994498e-18
12	4.174302891931159e-18
13	4.0854526768120574e-18
14	3.954857737065235e-18
15	3.785796387469254e-18
16	3.6239291362313504e-18
17	3.466380086347079e-18
18	2.6714220527143765e-18
19	1.880238463628545e-18
20	9.415060651474846e-19
21	3.521673758836475e-19
22	4.622072731617911e-20
23	5.0553804050898986e-21
24	2.9060188863468183e-21
25	2.149528721719935e-21
26	1.6501186626770528e-21
27	1.2704092044003287e-21
28	9.41044143867998e-22
29	7.283641489758373e-22
30	5.691286614120279e-22
