10	3.792717383780362e-9
11	3.7609379944514865e-9
12	3.827891093442647e-9
13	3.6862742772483138e-9
14	3.7590044649749524e-9
15	3.6924002616279317e-9
16	3.7010767256271067e-9
17	3.62240470069386e-9
18	3.7476637390069395e-9
19	3.6780936760151313e-9
20	3.645458971744221e-9
21	3.533512088961692e-9
22	3.3368726383083673e-9
23	3.142902856199911e-9
24	2.4559451093625716e-9
25	1.6043281231344079e-9
26	8.40627128125729e-10
27	2.422440293285883e-10
28	7.879664151489095e-11
29	1.6296420357468e-11
30	8.735703423834476e-12
31	6.3693356360871984e-12
32	4.872660801774101e-12
33	3.860086356232975e-12
34	2.680514903350028e-12
35	2.082343941489393e-12
