-5	6.158157801510897e-6
-4	5.886061150920967e-6
-3	5.586328674858075e-6
-2	5.210088608632781e-6
-1	5.235232166953061e-6
0	4.21744167685749e-6
1	2.7408317205887133e-6
2	1.2709944299540265e-6
3	2.9977215521556493e-7
4	2.8591478915600438e-8
5	2.352383106717683e-10
6	1.5906143323839514e-10
7	1.2325276891824413e-10
8	8.943943138104355e-11
9	6.67255508103324e-11
10	4.98617703429764e-11
11	3.925242321722944e-11
12	3.002916976587681e-11
13	2.3828693919862315e-11
14	1.818521714728866e-11
15	1.4156852966510331e-11
