10	0.03242456779334786
11	0.029308041211430207
12	0.02910302220377874
13	0.029201001420769545
14	0.028068186361420833
15	0.028519552938150963
16	0.026237150718527356
17	0.02779819491572434
18	0.023137143256197933
19	0.02452809162908128
20	0.021968296634939946
21	0.022548572316360423
22	0.020668557121230766
23	0.0191445092167696
24	0.013969345023877665
25	0.011354265817444286
26	0.004731024933695469
27	0.0013149790818157378
28	2.0185386621776824e-4
29	3.583553079628431e-5
30	5.647480623155129e-6
31	4.050622596965109e-6
32	3.036234339995933e-6
33	2.2475115762026185e-6
34	1.7778695336341753e-6
35	1.4442640243631519e-6
