-5	9.252347959802405e-5
-4	9.504867002498936e-5
-3	1.0654170567176325e-4
-2	9.002409076177196e-5
-1	8.830333102786903e-5
0	9.395587398744472e-5
1	6.70144069963066e-5
2	6.50090677337288e-5
3	6.357823560695207e-5
4	5.478696539617278e-5
5	3.951607526902588e-5
6	2.612833001610899e-5
7	1.8047869703136475e-5
8	1.0270162992290595e-5
9	3.679447668960777e-6
10	2.2787561023839316e-6
11	9.66633826112417e-7
12	1.7268176450181895e-7
13	2.2151783889856854e-8
14	1.1380214120561902e-11
15	8.595748662881942e-12
