-5	7.959226510677878e-4
-4	8.484859767755059e-4
-3	8.373066692781972e-4
-2	8.870788653401975e-4
-1	8.752973433078733e-4
0	8.994810566067438e-4
1	0.0010898581525598263
2	0.001234192700197311
3	0.0011861503964528204
4	0.001294861489733608
5	0.0016785143775344363
6	0.0013526998211573454
7	0.0010479190335714943
8	6.627952853762143e-4
9	4.122891334923014e-4
10	1.881889132487636e-4
11	1.147508463176864e-5
12	1.8303424682862645e-5
13	1.025688851530506e-5
14	4.1154878267719316e-8
15	3.166881730236323e-8
