-5	1.6753975337133482e-9
-4	1.3154939667287845e-9
-3	1.02858048531409e-9
-2	7.998570162479041e-10
-1	6.176646987474225e-10
0	4.728670684464527e-10
1	3.583454307414449e-10
2	2.6856491004737207e-10
3	1.9917241469342572e-10
4	1.4660783395837813e-10
5	1.0775444732862853e-10
6	7.970806283875089e-11
7	5.974877313363892e-11
8	4.5500938141668945e-11
9	3.5125690968962755e-11
10	2.7370609313013833e-11
11	2.145005770468877e-11
12	1.6870378427373197e-11
13	1.3300573407148862e-11
14	1.0504420042282418e-11
15	8.306856319655073e-12
