-5	5.8974471871719424e-6
-4	4.630576348427222e-6
-3	3.620632696319458e-6
-2	2.8155195502502258e-6
-1	2.1741973871537456e-6
0	1.6645055914191817e-6
1	1.2613861546507628e-6
2	9.453561566498927e-7
3	7.010925903612774e-7
4	5.160637643287464e-7
5	3.7929873329526713e-7
6	2.805746585656268e-7
7	2.103173885382126e-7
8	1.6016460228547852e-7
9	1.236434358019193e-7
10	9.634532679921753e-8
11	7.550481597929594e-8
12	5.9384214075165796e-8
13	4.6818398409547e-8
14	3.6975858675120994e-8
15	2.9240371583937805e-8
