-5	0.0016611142910534188
-4	0.0013042790048069918
-3	0.0010198115427966406
-2	7.930380066538083e-4
-1	6.123989307149676e-4
0	4.688357415830662e-4
1	3.552904335599624e-4
2	2.662753174563846e-4
3	1.9747441295175843e-4
4	1.453579602859292e-4
5	1.0683580987816616e-4
6	7.902852882931763e-5
7	5.9239397771596124e-5
8	4.51130296437428e-5
9	3.482623441754035e-5
10	2.713726704844608e-5
11	2.1267189834168206e-5
12	1.6726553631171583e-5
13	1.3187182218688978e-5
14	1.0414866860159006e-5
15	8.236037996142425e-6
