5	7.637069173662464e-26
6	5.649288773591473e-26
7	4.234679168938886e-26
8	3.224867471081532e-26
9	2.489524454471291e-26
10	1.9398850055002847e-26
11	1.520267409197101e-26
12	1.1956837998785912e-26
13	9.426747728563025e-27
14	7.444981110380889e-27
15	5.8874633856551774e-27
16	4.66036124155216e-27
17	3.6918015506269396e-27
18	2.9262432088003213e-27
19	2.3204898257103054e-27
20	1.8407851827094205e-27
21	1.4606546483010247e-27
22	1.1592768853010223e-27
23	9.202415976634068e-28
24	7.305935116476774e-28
25	5.80091656979588e-28
26	4.6063243187057895e-28
27	3.6579837910604134e-28
28	2.9050413502567533e-28
29	2.3071791396281244e-28
30	1.8324197049709682e-28
