5	9.851163500851263e-6
6	7.287097459336537e-6
7	5.462372530385263e-6
8	4.159802144487554e-6
9	3.2112727909996215e-6
10	2.5022850949074913e-6
11	1.961014424835182e-6
12	1.5423294381756133e-6
13	1.2159695171494454e-6
14	9.603386392261693e-7
15	7.594322258776994e-7
16	6.011465854190206e-7
17	4.7621070152597776e-7
18	3.774602486587569e-7
19	2.9932326335302093e-7
20	2.374454832405101e-7
21	1.884119081743406e-7
22	1.495367644336949e-7
23	1.1870326473053724e-7
24	9.42402899887685e-8
25	7.482684297391459e-8
26	5.941762863430573e-8
27	4.718485009075621e-8
28	3.7472539094979574e-8
29	2.976062991364825e-8
30	2.363664084398205e-8
