5	9.552402172671325e-9
6	7.066097887525562e-9
7	5.296712334810347e-9
8	4.033645674386793e-9
9	3.1138828609569184e-9
10	2.426397001244766e-9
11	1.901541726600791e-9
12	1.4955544159764038e-9
13	1.1790921809912861e-9
14	9.312139528545612e-10
15	7.364005321649456e-10
16	5.829153021523181e-10
17	4.617684133973616e-10
18	3.6601281656460126e-10
19	2.9024553200618316e-10
20	2.3024435131968355e-10
21	1.8269784283310266e-10
22	1.450016856737007e-10
23	1.1510328945582726e-10
24	9.138221599551138e-11
25	7.255753062431584e-11
26	5.7615639493982006e-11
27	4.575385074921982e-11
28	3.633609002992008e-11
29	2.885806390510471e-11
30	2.2919800217831647e-11
