5	1.7229727606823e-11
6	1.2745165000854056e-11
7	9.553713201227232e-12
8	7.275511957709903e-12
9	5.616530012454325e-12
10	4.3765074629147875e-12
11	3.4298227178993814e-12
12	2.697540863823228e-12
13	2.1267359491977386e-12
14	1.6796364371319334e-12
15	1.3282502504993797e-12
16	1.051407980148381e-12
17	8.328945783955035e-13
18	6.601796088585953e-13
19	5.235176833185484e-13
20	4.15293178044494e-13
21	3.295332429966385e-13
22	2.6154044831106306e-13
23	2.0761252385781875e-13
24	1.648266751388482e-13
25	1.3087247227270756e-13
26	1.0392168968914073e-13
27	8.252650706307485e-14
28	6.553963308869377e-14
29	5.2051470547140756e-14
30	4.1340587154697604e-14
