5	1.9034406849436852e-22
6	1.4080121376578855e-22
7	1.0554389955821607e-22
8	8.037564945957289e-23
9	6.204817613993663e-23
10	4.834912398483197e-23
11	3.7890698288280124e-23
12	2.9800871764600346e-23
13	2.3494949103154965e-23
14	1.8555652203606087e-23
15	1.467374078268058e-23
16	1.161534744807211e-23
17	9.201337728399213e-24
18	7.29328260752096e-24
19	5.78352067110672e-24
20	4.587918911477266e-24
21	3.640492734852319e-24
22	2.8893476521158016e-24
23	2.2935831234982647e-24
24	1.8209098053241356e-24
25	1.4458034041373285e-24
