-5	1.2503572207010882e-5
-4	9.817594612560029e-6
-3	7.676345529972267e-6
-2	5.9693713024476e-6
-1	4.609661292381603e-6
0	3.5290296276927552e-6
1	2.674349148883658e-6
2	2.0043128138096197e-6
3	1.4864332903990367e-6
4	1.0941413014671902e-6
5	8.041766122299763e-7
6	5.948650986589082e-7
7	4.459079616172972e-7
8	3.3957568522864563e-7
9	2.6214471760510546e-7
10	2.0426817099141487e-7
11	1.6008281017382357e-7
12	1.2590444391948722e-7
13	9.926281771606594e-8
14	7.839499094900936e-8
15	6.199446741208029e-8
16	4.907319064129956e-8
17	3.887434297763192e-8
18	3.081308151992945e-8
19	2.4434552107885848e-8
20	1.9383304752292736e-8
21	1.538056393098477e-8
22	1.220708280963252e-8
23	9.690062425965488e-9
24	7.693084896234802e-9
25	6.1083137115151175e-9
26	4.85041866351582e-9
27	3.851824496800272e-9
28	3.058982782942544e-9
29	2.4294391763693342e-9
30	1.9295217013470176e-9
31	1.5325156538836325e-9
32	1.2172208668412435e-9
33	9.668100917746257e-10
34	7.679249349980988e-10
35	6.099594666000821e-10
