-5	1.7049895183924457e-9
-4	1.338729095422452e-9
-3	1.046747957421543e-9
-2	8.139846224392631e-10
-1	6.285743031453959e-10
0	4.812191608681854e-10
1	3.646747658890395e-10
2	2.7330848197197104e-10
3	2.026903302480961e-10
4	1.4919731895464426e-10
5	1.0965767798898768e-10
6	8.111591961713407e-11
7	6.080409567267044e-11
8	4.630460595022093e-11
9	3.5746104266750315e-11
10	2.785404720470816e-11
11	2.1828922879186216e-11
12	1.7168354262903354e-11
13	1.3535496973984494e-11
14	1.0689956090115233e-11
15	8.453577536558066e-12
16	6.691629743264551e-12
17	5.300912908240039e-12
18	4.201677740653524e-12
19	3.3319002394531573e-12
20	2.643111175535504e-12
21	2.0972966649154902e-12
22	1.6645601669658866e-12
23	1.3213387818543471e-12
24	1.0490305406345348e-12
25	8.329308361450939e-13
26	6.614040247212346e-13
27	5.252355314946999e-13
28	4.1712348243453085e-13
29	3.312787947878714e-13
30	2.6310995144753835e-13
31	2.0897413022326893e-13
32	1.659804722341042e-13
33	1.3183441063566614e-13
34	1.04714392287815e-13
35	8.317419054166476e-14
