5	1.4395133727301797e-15
6	1.0648360714139609e-15
7	7.981958987528837e-16
8	6.078562003751199e-16
9	4.692511829418999e-16
10	3.6564948457017053e-16
11	2.865556427342914e-16
12	2.253747845335596e-16
13	1.7768504000747013e-16
14	1.4033066382423917e-16
15	1.1097296727830451e-16
16	8.78432835478761e-17
17	6.958687397936583e-17
18	5.515684269897525e-17
19	4.373897969805064e-17
20	3.469701303704458e-17
21	2.7531921622774507e-17
22	2.1851243469718615e-17
23	1.734566043407698e-17
24	1.3770978187203937e-17
25	1.0934164384828602e-17
26	8.682474002954847e-18
27	6.894944205325898e-18
28	5.475720825536627e-18
29	4.348808619191883e-18
30	3.4539331905710745e-18
