-5	1.8603668239995084e-14
-4	1.4607287426581968e-14
-3	1.1421390877008672e-14
-2	8.881638100975202e-15
-1	6.858568732392306e-15
0	5.250731176319126e-15
1	3.979079218325138e-15
2	2.98215342143405e-15
3	2.2116169153614004e-15
4	1.6279381158577037e-15
5	1.196508857836728e-15
6	8.85080900064469e-16
7	6.634523035624389e-16
8	5.052438843693417e-16
9	3.9003680519860383e-16
10	3.03924128417005e-16
11	2.3818213244132395e-16
12	1.8732922606756036e-16
13	1.476899960094092e-16
14	1.166414188798804e-16
15	9.223960044017237e-17
