5	1.5506754799575507e-12
6	1.1470648466323473e-12
7	8.598341855284572e-13
8	6.54796074227606e-13
9	5.054876996029616e-13
10	3.938856704795327e-13
11	3.086840436839979e-13
12	2.427786770150511e-13
13	1.9140623485302324e-13
14	1.5116727888793419e-13
15	1.1954252218597026e-13
16	9.462671792919997e-14
17	7.496051183049661e-14
18	5.941616461885295e-14
19	4.711659135718308e-14
20	3.7376385911767014e-14
21	2.9657991780637565e-14
22	2.3538640277311557e-14
23	1.868512709109417e-14
24	1.4834400717950156e-14
25	1.1778522469173989e-14
26	9.352952043936712e-15
27	7.42738561337306e-15
28	5.898566960269648e-15
29	4.684632335175199e-15
30	3.720652832750046e-15
