5	4.8359036138087276e-8
6	3.577212065837381e-8
7	2.6814606272017513e-8
8	2.0420331285252096e-8
9	1.57640320288855e-8
10	1.228363485409332e-8
11	9.626555018574231e-9
12	7.571244252633227e-9
13	5.969154183418158e-9
14	4.714270649870626e-9
15	3.7280277047959064e-9
16	2.951008725624553e-9
17	2.3377025995405164e-9
18	1.8529398891819121e-9
19	1.4693680100028932e-9
20	1.165612031904778e-9
21	9.249078319999033e-10
22	7.340710358321441e-10
23	5.827104045442909e-10
24	4.626224698064211e-10
25	3.673224998409406e-10
26	2.916791757762974e-10
27	2.3162887008341032e-10
28	1.8395145630497504e-10
29	1.4609394893933014e-10
30	1.1603148893613881e-10
