5	4.758721879084684e-17
6	3.5201192338113803e-17
7	2.638664120213752e-17
8	2.0094419786988354e-17
9	1.5512435753318602e-17
10	1.2087586230616111e-17
11	9.472913781054849e-18
12	7.450406077991147e-18
13	5.8738856025068326e-18
14	4.639030195185654e-18
15	3.668527832934559e-18
16	2.903910191241211e-18
17	2.300392521360662e-18
18	1.823366695337008e-18
19	1.4459166799068573e-18
20	1.1470086920076092e-18
21	9.101461666247357e-19
22	7.223551538624498e-19
23	5.734102605678775e-19
24	4.55238946975233e-19
25	3.614599785822574e-19
26	2.8702393312319503e-19
27	2.279320391635054e-19
28	1.8101556393894618e-19
29	1.4376226797289687e-19
30	1.1417960926402688e-19
