-5	0.0066020528395976845
-4	0.005183820856693074
-3	0.004053212791098995
-2	0.0031519076393096246
-1	0.0024339626245279936
0	0.0018633746971501008
1	0.0014120920085991906
2	0.0010583038898623054
3	7.848565964412116e-4
4	5.777211957253489e-4
5	4.2461597361224723e-4
6	3.14096703626545e-4
7	2.3544534917341564e-4
8	1.7930048947652373e-4
9	1.3841590615839384e-4
10	1.0785631785907775e-4
11	8.452585820924584e-5
12	6.647922511540663e-5
13	5.24120912583178e-5
14	4.139360048762195e-5
15	3.273390538647646e-5
