-5	1.2503572207010882e-5
-4	9.817594612560029e-6
-3	7.676345529972267e-6
-2	5.9693713024476e-6
-1	4.609661292381603e-6
0	3.5290296276927552e-6
1	2.674349148883658e-6
2	2.0043128138096197e-6
3	1.4864332903990367e-6
4	1.0941413014671902e-6
5	8.041766122299763e-7
6	5.948650986589082e-7
7	4.459079616172972e-7
8	3.3957568522864563e-7
9	2.6214471760510546e-7
10	2.0426817099141487e-7
11	1.6008281017382357e-7
12	1.2590444391948722e-7
13	9.926281771606594e-8
14	7.839499094900936e-8
15	6.199446741208029e-8
