5	0.001300386420846955
6	9.6192115608382e-4
7	7.210513827637328e-4
8	5.491077497225809e-4
9	4.238987131510264e-4
10	3.303099738649405e-4
11	2.5886044109615214e-4
12	2.0359262717574124e-4
13	1.6051202968343076e-4
14	1.2676790165511316e-4
15	1.0024758537401202e-4
16	7.935335319019505e-5
17	6.286140004405289e-5
18	4.982601108213741e-5
19	3.9511668553083155e-5
20	3.134359530939883e-5
21	2.4870999947833995e-5
22	1.973935138424648e-5
23	1.5669226640330688e-5
24	1.2440032427386274e-5
25	9.877392706934329e-6
26	7.843325047676008e-6
27	6.228557502107894e-6
28	4.9465000747939384e-6
29	3.9285023553020595e-6
30	3.1201153838624985e-6
