5	2.7409545943141377e-20
6	2.027537484141583e-20
7	1.5198321580715877e-20
8	1.1574093555939563e-20
9	8.934937390213652e-21
10	6.962273874124417e-21
11	5.456260569427984e-21
12	4.2913255466200375e-21
13	3.3832726807231562e-21
14	2.672013925113411e-21
15	2.113018678869576e-21
16	1.6726100374013059e-21
17	1.3249926367544256e-21
18	1.050232698546496e-21
19	8.328269790686834e-22
20	6.606603251798402e-22
21	5.242309553478901e-22
22	4.1606606311831987e-22
23	3.3027597074714905e-22
24	2.6221101273153226e-22
25	2.0819569080307198e-22
