-5	0.0066020528395976845
-4	0.005183820856693074
-3	0.004053212791098995
-2	0.0031519076393096246
-1	0.0024339626245279936
0	0.0018633746971501008
1	0.0014120920085991906
2	0.0010583038898623054
3	7.848565964412116e-4
4	5.777211957253489e-4
5	4.2461597361224723e-4
6	3.14096703626545e-4
7	2.3544534917341564e-4
8	1.7930048947652373e-4
9	1.3841590615839384e-4
10	1.0785631785907775e-4
11	8.452585820924584e-5
12	6.647922511540663e-5
13	5.24120912583178e-5
14	4.139360048762195e-5
15	3.273390538647646e-5
16	2.5911298967814114e-5
17	2.0526171416762207e-5
18	1.62697178836093e-5
19	1.290176930699153e-5
20	1.0234643353273688e-5
21	8.121142829745514e-6
22	6.445502484589948e-6
23	5.116482161742004e-6
24	4.062051399677163e-6
25	3.2252710838627264e-6
26	2.56108572658514e-6
27	2.0338146919704532e-6
28	1.6151836958307316e-6
29	1.2827762776453297e-6
30	1.0188131852672196e-6
31	8.091886987925907e-7
32	6.427088473037195e-7
33	5.104886192582141e-7
34	4.0547460467811993e-7
35	3.2206673115772375e-7
