5	2.5218978623407217e-5
6	1.8654969541193066e-5
7	1.3983673711736585e-5
8	1.0649093515742577e-5
9	8.22085836491807e-6
10	6.405849858515642e-6
11	5.020196939766368e-6
12	3.948363371315618e-6
13	3.1128819714602013e-6
14	2.4584669223877902e-6
15	1.944146502967013e-6
16	1.538935262409002e-6
17	1.2190993988662977e-6
18	9.662982389124482e-7
19	7.662675560441188e-7
20	6.078604385715019e-7
21	4.823344860973494e-7
22	3.828141178796755e-7
23	3.038803584479523e-7
24	2.412551429569795e-7
25	1.91556718478293e-7
26	1.5210912967312133e-7
27	1.2079321652560412e-7
28	9.592970031605096e-8
29	7.61872127639109e-8
30	6.050980070750298e-8
