10	2.94156067321341e-19
11	2.3052700603296535e-19
12	1.8130850196525844e-19
13	1.4294326888460898e-19
14	1.1289258685447332e-19
15	8.92750380106209e-20
16	7.066777315278261e-20
17	5.598093816819753e-20
18	4.437233093126035e-20
19	3.5186939403869083e-20
20	2.791289837252778e-20
21	2.2148757572774736e-20
22	1.757879093605026e-20
23	1.3954159580936863e-20
24	1.1078415142517457e-20
25	8.796267820990224e-21
26	6.984837980371471e-21
27	5.546813977388534e-21
28	4.405083479559272e-21
29	3.498510171451215e-21
30	2.7786047758917683e-21
31	2.2068968242426237e-21
32	1.752857048230693e-21
33	1.3922533944603704e-21
34	1.1058491285288446e-21
35	8.783711972828303e-22
