-5	1.8603668239995084e-14
-4	1.4607287426581968e-14
-3	1.1421390877008672e-14
-2	8.881638100975202e-15
-1	6.858568732392306e-15
0	5.250731176319126e-15
1	3.979079218325138e-15
2	2.98215342143405e-15
3	2.2116169153614004e-15
4	1.6279381158577037e-15
5	1.196508857836728e-15
6	8.85080900064469e-16
7	6.634523035624389e-16
8	5.052438843693417e-16
9	3.9003680519860383e-16
10	3.03924128417005e-16
11	2.3818213244132395e-16
12	1.8732922606756036e-16
13	1.476899960094092e-16
14	1.166414188798804e-16
15	9.223960044017237e-17
16	7.301444283713359e-17
17	5.783990109627534e-17
18	4.58458060271185e-17
19	3.6355394561011717e-17
20	2.883980394052362e-17
21	2.2884252914190106e-17
22	1.8162531075816482e-17
23	1.441753633385059e-17
24	1.1446296848785386e-17
25	9.088366101578779e-18
26	7.216783983582917e-18
27	5.73100741698271e-18
28	4.551363394679394e-18
29	3.6146854433391324e-18
30	2.870874098971766e-18
31	2.280181401396966e-18
32	1.8110642947954157e-18
33	1.4384860502800372e-18
34	1.1425711378636247e-18
35	9.075393310489009e-19
