5	9.553859406780038e-4
6	7.067175831970432e-4
7	5.297520356681579e-4
8	4.0342610134348067e-4
9	3.11435788872831e-4
10	2.426767151957391e-4
11	1.9018318098084545e-4
12	1.4957825651756314e-4
13	1.1792720533744202e-4
14	9.313560110206726e-5
15	7.365128712346106e-5
16	5.830042268066021e-5
17	4.618388569015363e-5
18	3.6606865240053895e-5
19	2.902898094226377e-5
20	2.3027947546081747e-5
21	1.827257136789226e-5
22	1.4502380591093157e-5
23	1.1512084864527385e-5
24	9.139615649756218e-6
25	7.256859939074322e-6
26	5.762442885120842e-6
27	4.576083057175153e-6
28	3.634163315811042e-6
29	2.8862466248543955e-6
30	2.2923296669722866e-6
