-5	0.0014978294612605827
-4	0.001134453780238363
-3	7.132650651593308e-4
-2	3.125853552348486e-4
-1	1.1044216319276588e-4
0	5.034868124995816e-15
1	3.7813616106366045e-15
2	1.3888867457666765e-5
3	2.311335205738794e-15
4	1.7285043573218876e-15
5	1.226700900347539e-15
6	8.730169428819622e-16
7	7.208764450553715e-16
8	5.150928024088721e-16
9	3.7774709808369766e-16
10	3.3223254837370557e-16
11	2.2016999646146702e-16
12	1.8373338597687019e-16
13	1.4973343531413688e-16
14	1.2647797961757675e-16
15	9.280843147062785e-17
