5	4.191049677050583e-4
6	1.9836845193887378e-4
7	9.949951425748011e-5
8	5.352629108837202e-5
9	4.144278581377491e-5
10	2.8828515964469726e-5
11	1.5759576604582755e-5
12	1.085178124765892e-5
13	5.208964303292498e-6
14	4.124095085203321e-6
15	1.0851581036290164e-6
16	2.1702060015937065e-7
17	1.0724252349659449e-12
18	9.962141307337597e-13
19	5.468589125625871e-13
20	4.3107363420193677e-13
21	3.387928231754884e-13
22	2.6213804528422345e-13
23	2.1114383413282118e-13
24	1.70146518558536e-13
25	1.3434084768325797e-13
26	1.0984985676548194e-13
27	9.228781257756018e-14
28	6.843762360473248e-14
29	5.447330701349871e-14
30	4.304987447800244e-14
