5	0.001302379028573286
6	3.487882387965165e-4
7	1.915229085968838e-4
8	1.2547011035881768e-4
9	8.242756932246564e-5
10	3.382066398450989e-5
11	3.339935579857864e-5
12	1.7651978271406283e-5
13	1.4389502225811452e-5
14	5.504786923855558e-6
15	3.2795807544463882e-6
16	2.330262122654401e-9
17	1.500442715707109e-8
18	2.0224351748476255e-9
19	1.5641445388988203e-9
20	1.1460535948335117e-9
21	7.284808720799634e-10
22	8.230708399204931e-10
23	7.37332720290277e-10
24	4.404038434495408e-10
25	3.6032014632185145e-10
26	2.9863888852087087e-10
27	2.858103265002697e-10
28	1.8447236482656977e-10
29	1.4725073875489178e-10
30	1.1867606322015968e-10
