5	0.005656408742070198
6	0.006501795202493668
7	0.005963282436132431
8	0.002837102711200714
9	0.0027726294100284578
10	0.0016720886528491974
11	0.0023814241588115694
12	7.769601047039033e-4
13	0.0012335427105426787
14	1.4856070280075073e-4
15	9.59448516368866e-5
16	7.796838879585266e-5
17	7.152463495731354e-4
18	5.902230739593506e-5
19	3.699734807014465e-5
20	3.757104277610779e-5
21	2.4211108684539795e-5
22	2.2796690464019774e-5
23	1.7909854650497438e-5
24	1.2677907943725585e-5
25	1.2404322624206544e-5
26	8.857250213623047e-6
27	7.907748222351073e-6
28	5.239397287368775e-6
29	4.45246696472168e-6
30	4.585236310958862e-6
