5	0.0012905450592303597
6	4.243388765223891e-4
7	1.772587067997746e-4
8	9.187681379278526e-5
9	7.607085874071345e-5
10	4.34298982554982e-5
11	2.798261508588136e-5
12	1.91287045631907e-5
13	1.1557778106038718e-5
14	7.244255153636913e-6
15	3.6845320209977215e-6
16	3.0808373994659635e-6
17	1.8724991532508283e-6
18	1.8685639515751972e-6
19	8.178154093911872e-7
20	6.619544219574891e-7
21	5.288039101287722e-7
22	4.1706736374180766e-7
23	3.200315768481232e-7
24	2.5662101688794793e-7
25	2.1059579012217e-7
26	1.7012104945024474e-7
27	1.3785813644062729e-7
28	1.0500658390810714e-7
29	8.228907972807065e-8
30	6.65715997456573e-8
