5	3.515031752539814e-4
6	1.4002225011207302e-4
7	7.899223300405704e-5
8	3.1241566811240624e-5
9	1.2151392321094923e-5
10	5.206763272872646e-6
11	8.677818301134759e-7
12	1.5747955153857771e-9
13	1.2500981235373446e-9
14	9.826923679574583e-10
15	7.623984444187112e-10
16	6.369690375168979e-10
17	4.926319638712288e-10
18	3.964510400715219e-10
19	3.183179252360433e-10
20	2.528263340414077e-10
21	1.8647031242766347e-10
22	1.4883024148843621e-10
23	1.1795601126224686e-10
24	9.567632204764146e-11
25	7.51335093823459e-11
26	6.207270429611966e-11
27	4.6390421268581213e-11
28	3.6973325841964776e-11
29	2.9250660236236517e-11
30	2.444641509246292e-11
