5	0.0011505082400141192
6	8.221991516697926e-4
7	6.177502506288875e-4
8	4.386428360176069e-4
9	3.387450421269023e-4
10	2.763243000117654e-4
11	2.1267320090373687e-4
12	1.6203550676436863e-4
13	1.3327065642624802e-4
14	1.0198139891508617e-4
15	8.210964678983146e-5
16	6.4203055404505e-5
17	5.0619698031368897e-5
18	4.139428686539759e-5
19	3.08119580931816e-5
20	2.6514640276218414e-5
21	1.9583133800551878e-5
22	1.6282341081023333e-5
23	1.3070672948742868e-5
24	9.904080203341437e-6
25	7.91555109572073e-6
26	6.429892766391276e-6
27	4.797170864549116e-6
28	4.029554578664829e-6
29	3.0252432170527755e-6
30	2.599294763058424e-6
