5	2.350157457950827e-6
6	1.3436137809311365e-6
7	6.944444409950162e-7
8	3.4722222084982875e-7
9	2.430555547953108e-7
10	6.944444415878599e-8
11	6.944444431909753e-8
12	3.027583671972442e-23
13	2.3350285648728888e-23
14	1.86590727425897e-23
15	1.5932513081449078e-23
16	1.0065992000927951e-23
17	9.10003048533543e-24
18	7.421668410052082e-24
19	5.950930352909678e-24
20	4.329014551665093e-24
21	3.594228585791906e-24
22	2.7817594408591874e-24
23	2.2897774249102708e-24
24	1.5357681629051892e-24
25	1.6956052940151375e-24
26	1.1939789618104387e-24
27	8.70706767478659e-25
28	6.749549585429466e-25
29	5.522943658352408e-25
30	4.351856825020253e-25
