-5	0.01303337210197249
-3	0.004372764109799487
-1	5.430893456097196e-4
1	2.3437291799427384e-5
3	2.0296910666307494e-10
5	1.0760112733511133e-10
7	6.174351227959988e-11
9	3.5716803223301184e-11
11	2.216774761459696e-11
13	1.2941542205229834e-11
15	8.527098696368896e-12
17	5.3869796032438485e-12
19	3.1395901239162795e-12
21	2.1570668350065913e-12
23	1.3717259158770306e-12
25	8.756186118354653e-13
27	5.333767632310342e-13
29	3.265610674127508e-13
31	2.2037042049043826e-13
33	1.2784449324391577e-13
35	8.804959819130932e-14
