5	9.312845609058525e-5
6	5.050581912087697e-5
7	1.8807560501219458e-5
8	9.54923146004372e-6
9	5.208640544179645e-6
10	1.3021468579118985e-6
11	6.510600776622002e-7
12	2.1702468879340576e-7
13	1.9815453111565202e-13
14	1.5071629390647534e-13
15	1.2347519182291393e-13
16	9.020426699678024e-14
17	7.424755790325264e-14
18	6.021794621083091e-14
19	4.991442229795129e-14
20	3.8239106188989016e-14
21	3.025214393854672e-14
22	2.397676361823751e-14
23	1.9427964534220088e-14
24	1.49694960531574e-14
25	1.2718226744477138e-14
26	9.517033034137731e-15
27	7.459526932254388e-15
28	6.123136947524571e-15
29	4.730880585289321e-15
30	3.784868621168933e-15
