-5	0.04402864891377445
-4	0.024149883104328404
-3	0.01093861889089992
-2	0.004731576932423858
-1	8.291748899646881e-4
0	8.463439875666681e-5
1	1.0119245518356286e-5
2	5.6748653831423904e-6
3	1.5201009153422976e-6
4	1.129672689573012e-6
5	8.022680771901413e-7
6	5.998614851760325e-7
7	4.497137969134849e-7
8	3.5633381129240855e-7
9	2.6518298470371097e-7
10	2.1149560869189556e-7
11	1.5533543891891678e-7
12	1.2320571252926913e-7
13	1.0397556819041332e-7
14	8.056621138384973e-8
15	6.215202447310776e-8
