-5	0.013154492262919933
-4	0.008387663478456937
-3	0.004717242896987629
-2	0.0017926068722542454
-1	6.182144359724657e-4
0	4.676368458705924e-10
1	3.496976970112659e-10
2	3.124059876061897e-5
3	2.1294775940473883e-10
4	1.56825492809725e-10
5	1.1192247744035776e-10
6	8.07393565948423e-11
7	6.67004530316277e-11
8	4.812446585295603e-11
9	3.490255907327673e-11
10	3.02387422662454e-11
11	2.0230390464710695e-11
12	1.7055713180732964e-11
13	1.3705573919826688e-11
14	1.1753249176746418e-11
15	8.311041226651252e-12
