-5	0.04481895797046013
-4	0.02393199104415978
-3	0.010624326411402556
-2	0.0029331827408220694
-1	0.0012978661009981868
0	1.8266057425583665e-5
1	1.7574679012380585e-5
2	1.9156171418678612e-6
3	1.5927025622547365e-6
4	1.0810889562245267e-6
5	8.657657979771138e-7
6	5.461485773264874e-7
7	4.7327071758438763e-7
8	3.4179776875966405e-7
9	2.683097227156729e-7
10	1.9911140112599323e-7
11	1.729562400737164e-7
12	1.2510384412106422e-7
13	1.058728368739647e-7
14	8.343255803029273e-8
15	6.844572323304487e-8
