5	1.2801274262466718e-4
6	3.646923361730123e-5
7	1.7255694224969784e-5
8	9.176643250621568e-6
9	6.21173140911636e-6
10	3.4567017583644496e-6
11	2.4761386758713755e-6
12	1.751172837645143e-6
13	1.3000714312774165e-6
14	9.843477359972041e-7
15	7.963289512815663e-7
16	5.936488322966227e-7
17	4.7467097352082985e-7
18	3.9758743679207953e-7
19	3.2051663562171486e-7
20	2.5077739877410464e-7
21	2.0222417444593076e-7
22	1.6067666717844987e-7
23	1.2710691756723236e-7
24	1.0064253033625903e-7
25	8.490490695756137e-8
26	6.452626824149376e-8
27	4.8624640729855175e-8
28	4.055078866294082e-8
29	3.221797028629681e-8
30	2.4304880342995715e-8
