-5	0.041762589114930214
-3	0.01227597609392982
-1	4.003967257101081e-4
1	2.5904804088736985e-6
3	1.5752454481751508e-6
5	8.036533122964995e-7
7	5.16001474873503e-7
9	2.944257383123695e-7
11	1.7944992224438533e-7
13	1.0675887373759137e-7
15	6.677712163356147e-8
17	3.888506409950194e-8
19	2.3450374248347458e-8
21	1.5100321604798395e-8
23	8.887579930917105e-9
25	5.633221365372474e-9
27	4.210243965897475e-9
29	2.5690939310232503e-9
31	1.5407810256920216e-9
33	1.008240628173922e-9
35	6.065560661171696e-10
