5	2.485132813585685e-6
6	1.32272061004948e-6
7	6.674479139204666e-7
8	3.732638878265974e-7
9	1.3888888835151924e-7
10	1.736111109645622e-8
11	1.7361111098745286e-8
12	3.0802619276970007e-23
13	8.680555540649095e-9
14	1.799926811951813e-23
15	1.516153568294378e-23
16	1.1390715685092457e-23
17	9.189487391609461e-24
18	7.299082948935443e-24
19	6.1180232760432054e-24
20	4.738374657598677e-24
21	3.666748588810462e-24
22	2.971043740477345e-24
23	2.3666047099154987e-24
24	1.8457364598592256e-24
25	1.4168296433996016e-24
26	1.186446754676768e-24
27	9.202341993589388e-25
28	7.300703554706942e-25
29	5.473140658680489e-25
30	4.452671217178591e-25
