10	3.649659579172171e-6
11	3.3319126754284942e-6
12	3.191437483336737e-6
13	2.8421267234011852e-6
14	2.902183653852608e-6
15	2.5539460613146506e-6
16	2.455329524142633e-6
17	2.4578092226886833e-6
18	2.487913858915869e-6
19	2.562397307161448e-6
20	2.434661740974173e-6
21	2.5479841488757386e-6
22	2.380892632623561e-6
23	2.5068286867384496e-6
24	2.556513142080815e-6
25	2.65513205855384e-6
26	2.7400260884758405e-6
27	2.768101872434126e-6
28	2.8312355011447156e-6
29	3.1140492642581843e-6
30	3.1252798054339298e-6
31	3.3510010243764393e-6
32	3.6426933477286093e-6
33	3.7483079667441753e-6
34	3.7958276335190486e-6
35	4.117971737761995e-6
