5	6.535710207124214e-6
6	4.5174317528749225e-6
7	2.1219132686443374e-6
8	3.472222142696254e-6
9	3.472222098102313e-6
10	1.736110848561707e-6
11	1.7361110886483838e-6
12	1.25418392584474e-19
13	4.289613095267522e-21
14	3.879741156610827e-20
15	2.134881085725602e-21
16	1.3952655748100334e-21
17	1.6285421710632243e-21
18	9.8676704574024e-22
19	7.015212451946935e-22
20	7.113508061965706e-22
21	5.366400310047003e-22
22	5.082332538612435e-22
23	3.7957940249778136e-22
24	2.6605337332870854e-22
25	1.3306680053270536e-22
26	1.4673431358829207e-22
27	1.5520478051803927e-22
28	8.559181242384191e-23
29	1.0291755781610569e-22
30	6.098510556444843e-23
