-5	0.04590319543259625
-4	0.027438579633099938
-3	0.011682314630723908
-2	0.005666564073244436
-1	0.0029654134477124392
0	0.0020216889449614886
1	0.0014063688990706051
2	0.0010831169082921685
3	8.290946517013609e-4
4	6.024521506937718e-4
5	4.3623298778028383e-4
6	3.222303159168379e-4
7	2.569086555841967e-4
8	1.9641281825688597e-4
9	1.4415831552982189e-4
10	1.1221877072395256e-4
11	9.056019418286206e-5
12	6.495368410295717e-5
13	5.311602069299849e-5
14	4.386555750533933e-5
15	3.446053184210292e-5
