5	1.8370045004771874e-7
6	1.7464354366272291e-7
7	1.4347679424679007e-7
8	1.1520770885017648e-7
9	8.791500552068241e-8
10	6.866748109778585e-8
11	5.304783947414733e-8
12	2.7006172823952533e-8
13	1.6155478384474007e-8
14	6.992669747951648e-9
15	2.8935185154480158e-9
16	4.822530863517487e-10
17	4.822530858687773e-10
18	2.6512035521610304e-25
19	2.741149064880722e-25
20	3.0252811145812787e-25
21	3.1055902867153025e-25
22	3.2437987067736933e-25
23	3.241115079412544e-25
24	3.6195989469495306e-25
25	3.832792845622709e-25
26	3.740571507916145e-25
27	4.0409668525153444e-25
28	4.021845795650505e-25
29	4.211114641069456e-25
30	4.259972533039104e-25
