5	1.643808579920106e-5
6	8.372366316822943e-6
7	4.858940693205362e-6
8	1.953125290301271e-6
9	7.59548686623023e-7
10	3.2552089158042464e-7
11	5.425350393289339e-8
12	7.539718501524698e-18
13	6.082151625570285e-18
14	4.766401695952214e-18
15	3.640937721327078e-18
16	3.1257920451687973e-18
17	2.4603557458703903e-18
18	1.890791761358083e-18
19	1.5428422630102097e-18
20	1.210851420022424e-18
21	9.00772225601322e-19
22	7.154065596205622e-19
23	5.728777153845156e-19
24	4.748747400979787e-19
25	3.685080114334345e-19
26	3.0246425344364676e-19
27	2.280649220207213e-19
28	1.7964451662500443e-19
29	1.4429355176812388e-19
30	1.1758719966139764e-19
