-5	0.04412165037640626
-3	0.01337810297405881
-1	0.0031266153009501326
1	0.001519098262813458
3	7.860095159116134e-4
5	4.3944543304733633e-4
7	2.4256299440027183e-4
9	1.3668817292218115e-4
11	8.691707005117829e-5
13	5.15919884299512e-5
15	3.4625661406994875e-5
17	2.1230116722598402e-5
19	1.3296552117956512e-5
21	8.401297929907226e-6
23	5.608610743089457e-6
25	3.3766196491515943e-6
27	2.074393719765726e-6
29	1.3148734800151494e-6
31	8.38001590136606e-7
33	5.125677906787189e-7
35	3.5068679235650223e-7
