5	5.362114100791244e-5
6	2.9790630189023877e-5
7	1.8133089704308408e-5
8	1.0949070003639099e-5
9	7.964755169670077e-6
10	5.933246413947528e-6
11	3.326049275190808e-6
12	2.329894099755304e-6
13	1.0956236066570873e-6
14	5.063658990322313e-7
15	3.1497221984751456e-7
16	1.8988739774432768e-7
17	3.7676085452328124e-8
18	1.4661093296534063e-16
19	5.622019242497154e-17
20	3.4393457306229467e-17
21	2.828739608354712e-17
22	2.2022637131010578e-17
23	1.7595936184274202e-17
24	1.4009884988688626e-17
25	1.1195577197836123e-17
26	8.771062854173822e-18
27	7.436798191035695e-18
28	5.533323240837104e-18
29	4.8850303837605186e-18
30	3.54379324565163e-18
