-5	0.0016427254832462896
-3	6.79307243275864e-4
-1	1.2645905385676704e-4
1	1.0416655233044054e-5
3	2.206636145897431e-15
5	1.1535105333473439e-15
7	6.683205444817806e-16
9	3.9000307671285444e-16
11	2.401554763319796e-16
13	1.4046254188834886e-16
15	9.312749716800174e-17
17	5.784308054156638e-17
19	3.3873174430044136e-17
21	2.326393231843458e-17
23	1.4602237090298032e-17
25	9.454193459988836e-18
27	5.774275075401932e-18
29	3.5258522451557466e-18
31	2.3949925530427655e-18
33	1.390378989032918e-18
35	9.478329112831489e-19
