-5	0.0016431015724849597
-4	0.0011689350200217246
-3	7.106433313991964e-4
-2	2.844154297458997e-4
-1	8.638584948293877e-5
0	1.559592109037835e-5
1	3.4722212737384158e-6
2	2.9686141919296918e-15
3	2.207356578691273e-15
4	1.5926679897861953e-15
5	1.1683457795263832e-15
6	9.168061987816202e-16
7	6.904660286322681e-16
8	4.903613560748108e-16
9	3.931051281633397e-16
10	3.1414555857992267e-16
11	2.488845880789439e-16
12	1.8461485343546003e-16
13	1.4890763309260165e-16
14	1.185536330063673e-16
15	9.191097407640696e-17
