-5	0.01282608334743308
-4	0.008154797810478705
-3	0.004650730497949109
-2	0.0015784870263109946
-1	4.1641746145945727e-4
0	4.340025370834349e-5
1	7.813537671817626e-6
2	2.7337343490457e-10
3	2.0497487813291829e-10
4	1.491688333175098e-10
5	1.0759670416841161e-10
6	8.38716742276535e-11
7	6.458532572492928e-11
8	4.5562832509554724e-11
9	3.6131936853849234e-11
10	2.911361611117953e-11
11	2.3030579214819615e-11
12	1.7065977942100964e-11
13	1.3711082485890683e-11
14	1.1040414296337698e-11
15	8.574014401912907e-12
