5	7.430629932398852e-20
6	5.649486723285284e-22
7	5.483559099252199e-22
8	3.654761624501309e-22
9	2.400382815407687e-22
10	1.4568496701343422e-22
11	1.1869551588301113e-22
12	1.112071427239869e-22
13	7.831187372538024e-23
14	5.518540918091412e-23
15	4.43115197756496e-23
16	3.7170060421116167e-23
17	3.6477310738061224e-23
18	2.110629013729906e-23
19	1.9848384753558317e-23
20	1.2675195239377336e-23
21	1.2005757286937598e-23
22	9.433243311310018e-24
23	7.667996774935124e-24
24	5.9985408490008376e-24
25	5.804246702595523e-24
