5	3.3625087691710663e-6
6	5.226059639059153e-7
7	3.5097657980556355e-7
8	3.04699038984225e-7
9	2.932219216388279e-7
10	2.8976894882312807e-7
11	2.837879165745125e-7
12	2.854307616677655e-7
13	2.837945305116243e-7
14	2.811390551983464e-7
15	2.785806056949195e-7
16	2.7639623124786286e-7
17	2.769927363704759e-7
18	2.7633735931427977e-7
19	2.7497528167875966e-7
20	2.742469054217549e-7
21	2.7476704860278105e-7
22	2.728243950748139e-7
23	2.7437790742672125e-7
24	2.726260185250324e-7
25	2.736711719304234e-7
