5	2.910026203745041e-10
6	2.6410978917510256e-11
7	1.0235420337505654e-11
8	6.242642605732136e-12
9	5.440424711720728e-12
10	4.826517163447043e-12
11	4.450372341258197e-12
12	4.051768154284104e-12
13	3.747384813844194e-12
14	3.530100147374825e-12
15	3.413726973100637e-12
16	3.355659003356681e-12
17	3.248275319455587e-12
18	3.1709551258494616e-12
19	3.126557699363354e-12
20	3.095259018613333e-12
21	3.0347950613345723e-12
22	3.0691742390597423e-12
23	2.991133993988101e-12
24	3.015246966185225e-12
25	2.9734739884584363e-12
