5	1.0850698156091289e-4
6	1.0850695439824976e-4
7	1.085069433464661e-4
8	1.0850694447260315e-4
9	1.0850694923865046e-4
10	1.0850694134234669e-4
11	1.0850694528276048e-4
12	1.0850694342377043e-4
13	1.0850694576855178e-4
14	1.0850694521158196e-4
15	1.085069439559716e-4
16	1.0850694260271167e-4
17	1.0850694446415182e-4
18	1.085069456039209e-4
19	1.0850694433928859e-4
20	1.0850694445886715e-4
21	1.0850694371070827e-4
22	1.0850694370293524e-4
23	1.0850694408653229e-4
24	1.0850694427156909e-4
25	1.0850694404688246e-4
