5	0.001736083237951293
6	0.0017361030529827086
7	0.0017361116936989095
8	0.0017361108503232638
9	0.0017361070788787267
10	0.0017361136169009228
11	0.0017361102261846432
12	0.001736111677943772
13	0.0017361099624793911
14	0.0017361104519435257
15	0.0017361115224905149
16	0.001736112649123255
17	0.0017361110832442828
18	0.0017361101526386293
19	0.0017361111268415093
20	0.0017361110606508583
21	0.0017361116892165216
22	0.001736111685132749
23	0.001736111372031015
24	0.0017361112902038937
25	0.0017361114138180465
