5	1.8593256129251142e-14
6	1.492589043455447e-16
7	1.3964846729165564e-16
8	9.448093583269161e-17
9	6.075306460890301e-17
10	3.7708315419424945e-17
11	3.1767452760624426e-17
12	2.877759247522713e-17
13	2.0681243024216455e-17
14	1.4295070324468428e-17
15	1.1122082393153037e-17
16	9.68709053578227e-18
17	9.572867812952858e-18
18	5.537801718605361e-18
19	5.0364708691414516e-18
20	3.2493004862982683e-18
21	3.1463315581186662e-18
22	2.4294965042873075e-18
23	1.9791368778177395e-18
24	1.5752795147813124e-18
25	1.4998873575373014e-18
