5	4.340277732686291e-6
6	4.340277792570473e-6
7	4.340277779492993e-6
8	4.340277782727176e-6
9	4.340277783348969e-6
10	4.340277781748083e-6
11	4.340277779838689e-6
12	4.3402777823501235e-6
13	4.340277777595145e-6
14	4.3402777754376705e-6
15	4.340277776296869e-6
16	4.340277778216566e-6
17	4.340277779607018e-6
18	4.340277777880298e-6
19	4.340277777134569e-6
20	4.340277778890498e-6
21	4.340277778450752e-6
22	4.340277776022543e-6
23	4.340277779137296e-6
24	4.340277777260041e-6
25	4.340277778067713e-6
