5	8.157708922520057e-19
6	6.846438811964208e-19
7	4.751992102465509e-19
8	2.7336521873292664e-19
9	1.1069918933339949e-19
10	3.054444904912979e-20
11	5.2711057052749054e-21
12	2.3349739699031786e-22
13	1.7331253370546015e-22
14	1.1437265465118356e-22
15	8.020983635074188e-23
16	6.468782502381562e-23
17	4.879666250214896e-23
18	3.936532855865296e-23
19	2.8772012174234105e-23
20	2.2935417217490818e-23
21	1.8365403781056936e-23
22	1.37054084233807e-23
23	1.0456817085884024e-23
24	8.573842304559104e-24
25	6.422570585984399e-24
