-5	1.213943809982029e-10
-4	1.1921531589970917e-10
-3	1.1981122040609815e-10
-2	1.1222443177335443e-10
-1	1.0400074752620123e-10
0	8.809563420098197e-11
1	6.14327807831224e-11
2	2.62788863389742e-11
3	5.644956187049581e-12
4	7.640091558346011e-13
5	2.454906657069129e-15
6	1.6386429103455079e-15
7	1.2479975837391423e-15
8	9.602282273656171e-16
9	7.232917629496003e-16
10	5.50541624334433e-16
11	4.2666757674379885e-16
12	3.322816739577769e-16
13	2.478743181837571e-16
14	1.972509824839668e-16
15	1.5815343261038823e-16
