5	1.0850694444444703e-4
6	1.0850694444444703e-4
7	1.0850694444444703e-4
8	1.0850694444444703e-4
9	1.0850694444444703e-4
10	1.0850694444444703e-4
11	1.0850694444444703e-4
12	1.0850694444444703e-4
13	1.0850694444444703e-4
14	1.0850694444444703e-4
15	1.0850694444444703e-4
16	1.0850694444444703e-4
17	1.0850694444444703e-4
18	1.0850694444444703e-4
19	1.0850694444444703e-4
20	1.0850694444444703e-4
21	1.0850694444444703e-4
22	1.0850694444444703e-4
23	1.0850694444444703e-4
24	1.0850694444444703e-4
25	1.0850694444444703e-4
