-5	3.9456074341557004e-7
-4	3.9456074341557004e-7
-3	3.9456074341557004e-7
-2	3.9456074341557004e-7
-1	3.9456074341557004e-7
0	3.9456074341557004e-7
1	3.9456074341557004e-7
2	3.9456074341557004e-7
3	3.9456074341557004e-7
4	3.9456074341557004e-7
5	3.9456074341557004e-7
6	3.9456074341557004e-7
7	3.9456074341557004e-7
8	3.9456074341557004e-7
9	3.9456074341557004e-7
10	3.9456074341557004e-7
11	3.9456074341557004e-7
12	3.9456074341557004e-7
13	3.9456074341557004e-7
14	3.9456074341557004e-7
15	3.9456074341557004e-7
