5	4.340277175049301e-6
6	4.340278247682782e-6
7	4.340278648544324e-6
8	4.340278742990404e-6
9	4.340278620691863e-6
10	4.340277566379863e-6
11	4.3402776163953525e-6
12	4.340277382759599e-6
13	4.340277769377708e-6
14	4.340277533125241e-6
15	4.340277960642745e-6
16	4.340277838227e-6
17	4.340277777783125e-6
18	4.340277776941346e-6
19	4.340277775242808e-6
20	4.340277783960924e-6
21	4.340277775541578e-6
22	4.340277781278143e-6
23	4.3402777795992374e-6
24	4.340277774057949e-6
25	4.34027777874527e-6
26	4.340277776992466e-6
27	4.340277777205538e-6
28	4.340277777543467e-6
29	4.3402777774747755e-6
30	4.340277778092822e-6
