5	0.0017361111111111524
6	0.0017361111111111524
7	0.0017361111111111524
8	0.0017361111111111524
9	0.0017361111111111524
10	0.0017361111111111524
11	0.0017361111111111524
12	0.0017361111111111524
13	0.0017361111111111524
14	0.0017361111111111524
15	0.0017361111111111524
16	0.0017361111111111524
17	0.0017361111111111524
18	0.0017361111111111524
19	0.0017361111111111524
20	0.0017361111111111524
21	0.0017361111111111524
22	0.0017361111111111524
23	0.0017361111111111524
24	0.0017361111111111524
25	0.0017361111111111524
