5	1.1070448372952729e-12
6	1.1070448372952729e-12
7	1.1070448372952729e-12
8	1.1070448372952729e-12
9	1.1070448372952729e-12
10	1.1070448372952729e-12
11	1.1070448372952729e-12
12	1.1070448372952729e-12
13	1.1070448372952729e-12
14	1.1070448372952729e-12
15	1.1070448372952729e-12
16	1.1070448372952729e-12
17	1.1070448372952729e-12
18	1.1070448372952729e-12
19	1.1070448372952729e-12
20	1.1070448372952729e-12
21	1.1070448372952729e-12
22	1.1070448372952729e-12
23	1.1070448372952729e-12
24	1.1070448372952729e-12
25	1.1070448372952729e-12
