-5	0.001736242190027158
-4	0.001735943133278481
-3	0.0017360454492465257
-2	0.0017361674457710794
-1	0.0017358729325342831
0	0.0017359596604772866
1	0.0017361230129107439
2	0.0017359978916575366
3	0.0017361408397137412
4	0.0017361110538279567
5	0.0017361108790092338
6	0.0017361115736026504
7	0.001736110778667339
8	0.0017361109925542084
9	0.0017361114291003098
10	0.0017361115474078738
11	0.001736111119082999
12	0.001736111314137823
13	0.001736111304569507
14	0.0017361113157994448
15	0.001736111138573259
