5	1.7471857359903668e-18
6	1.7471857359903668e-18
7	1.7471857359903668e-18
8	1.7471857359903668e-18
9	1.7471857359903668e-18
10	1.7471857359903668e-18
11	1.7471857359903668e-18
12	1.7471857359903668e-18
13	1.7471857359903668e-18
14	1.7471857359903668e-18
15	1.7471857359903668e-18
16	1.7471857359903668e-18
17	1.7471857359903668e-18
18	1.7471857359903668e-18
19	1.7471857359903668e-18
20	1.7471857359903668e-18
21	1.7471857359903668e-18
22	1.7471857359903668e-18
23	1.7471857359903668e-18
24	1.7471857359903668e-18
25	1.7471857359903668e-18
26	1.7471857359903668e-18
27	1.7471857359903668e-18
28	1.7471857359903668e-18
29	1.7471857359903668e-18
30	1.7471857359903668e-18
