5	3.9456074341557004e-7
6	3.9456074341557004e-7
7	3.9456074341557004e-7
8	3.9456074341557004e-7
9	3.9456074341557004e-7
10	3.9456074341557004e-7
11	3.9456074341557004e-7
12	3.9456074341557004e-7
13	3.9456074341557004e-7
14	3.9456074341557004e-7
15	3.9456074341557004e-7
16	3.9456074341557004e-7
17	3.9456074341557004e-7
18	3.9456074341557004e-7
19	3.9456074341557004e-7
20	3.9456074341557004e-7
21	3.9456074341557004e-7
22	3.9456074341557004e-7
23	3.9456074341557004e-7
24	3.9456074341557004e-7
25	3.9456074341557004e-7
26	3.9456074341557004e-7
27	3.9456074341557004e-7
28	3.9456074341557004e-7
29	3.9456074341557004e-7
30	3.9456074341557004e-7
