-5	0.002201939940813073
-4	0.0022379000649198617
-3	0.002122975816825758
-2	0.002164077471035945
-1	0.0018796499286300788
0	0.0015870026170085147
1	0.001161874637127108
2	6.100418388555304e-4
3	3.7452182469311724e-4
4	1.573575591440488e-4
5	2.7775631891087853e-5
6	1.3888642646961598e-5
7	5.711064788520594e-11
8	4.893310169743752e-11
9	3.435428189443346e-11
10	2.749392984593301e-11
11	1.9663977995346617e-11
12	1.7460926663530656e-11
13	1.3746149193084382e-11
14	1.158165498220551e-11
15	8.051711451748064e-12
