-5	0.020742380140459073
-3	0.019846796512554162
-1	0.02034645859349923
1	0.021368023224467507
3	0.020133293952933312
5	0.01935275169964466
7	0.0186560036947424
9	0.017152144202625508
11	0.014817816722024445
13	0.013262591916210298
15	0.00993192883201574
17	0.006446401499520105
19	0.0034921042863993654
21	0.0013711465251452677
23	3.65234738077279e-4
25	3.228715497791883e-5
27	2.4262264549684418e-5
29	5.402281320708066e-13
31	3.5210790455766844e-13
33	2.2877326359869236e-13
35	1.3729777058005474e-13
