-5	0.002375615728490861
-3	0.002191485817072273
-1	0.002305287049584152
1	0.0022769124396339164
3	0.0016233766730901313
5	7.001154045917355e-4
7	2.6825942836249567e-4
9	1.0996175594802178e-4
11	5.480502059706099e-5
13	2.6604860899991853e-5
15	1.4571123745333962e-5
17	8.416079475018164e-6
19	4.760736628975952e-6
21	2.0726157233350954e-6
23	5.275749167771988e-7
25	1.5073567746131413e-7
27	1.2561303176731207e-8
29	5.894921309636805e-18
31	3.767916394328029e-18
33	2.3746077120006412e-18
35	1.4422828171389247e-18
