0.002	1.1347379137675118e-12
0.0023	1.2571149069562275e-12
0.0026449999999999998	1.5961108905661451e-12
0.0030417499999999997	1.6567360701863028e-12
0.003498012499999999	6.944436519306778e-5
0.004022714374999999	4.5870908911696014e-4
0.004626121531249998	7.388967164678691e-4
0.005320039760937497	0.001857170487062998
0.006118045725078122	0.0031995436239747855
0.0070357525838398395	0.00526318575776766
0.008091115471415814	0.006657517226198313
0.009304782792128185	0.010514923393856006
0.010700500210947412	0.013324002676512015
0.012305575242589522	0.017376769830155854
0.014151411528977951	0.019964931565991807
0.016274123258324644	0.02524008735021716
0.018715241747073334	0.028421830969249166
0.021522528009134335	0.03551960441648522
0.024750907210504488	0.036029925237469555
0.028463543292080153	0.039135987127020676
0.03273307478589218	0.03897754665987948
0.037643036003776	0.04019422346275119
0.0432894914043424	0.04237862814221142
0.04978291511499375	0.04173119865662707
0.05725035238224281	0.04102347884678155
0.06583790523957923	0.041600668227888084
