0.002	0.0027313282146016965
0.0023	0.003106659481517773
0.0026449999999999998	0.0037015722467896826
0.0030417499999999997	0.0041905457608850255
0.003498012499999999	0.0048955137871786155
0.004022714374999999	0.006118664635590695
0.004626121531249998	0.008087518725351796
0.005320039760937497	0.010425004367676002
0.006118045725078122	0.013181066046306322
0.0070357525838398395	0.01593100276230754
0.008091115471415814	0.024078787215858276
0.009304782792128185	0.02899832437651481
0.010700500210947412	0.034364009227130524
0.012305575242589522	0.0426582988138207
0.014151411528977951	0.04927710209494995
0.016274123258324644	0.05633973381404089
0.018715241747073334	0.0659776902134776
0.021522528009134335	0.07085634231960362
0.024750907210504488	0.07651706481116764
0.028463543292080153	0.07361382104739954
0.03273307478589218	0.0843821043770586
0.037643036003776	0.081496009010981
0.0432894914043424	0.08460118497927191
0.04978291511499375	0.08166747741844882
0.05725035238224281	0.08204231297055532
0.06583790523957923	0.08290617670772762
