0.0065	1.7743713151230291e-6
0.00845	2.301807570748333e-6
0.010985	2.961981305681937e-6
0.0142805	3.873362516263009e-6
0.018564650000000002	4.986943151257327e-6
0.024134045000000003	6.731989598510271e-6
0.0313742585	8.579693232691332e-6
0.04078653605	1.1474105237743638e-5
0.05302249686500001	1.5045740501936732e-5
0.06892924592450002	2.696065721276136e-5
0.08960801970185003	2.0415579504221482e-4
0.11649042561240502	3.5012966400911833e-4
0.15143755329612654	0.001530494985450802
0.19686881928496452	0.002597980443334374
0.2559294650704539	0.006149753891073099
0.33270830459159006	0.009223114680738716
0.43252079596906706	0.01300518364321624
0.5622770347597872	0.014790512023782901
0.7309601451877235	0.017797068688894697
0.9502481887440405	0.017158134968312606
1.2353226453672528	0.017427108717902578
1.6059194389774285	0.01759091352062384
