0.0065	2.6426950121969247e-8
0.00845	3.334174717497573e-8
0.010985	4.134929738192097e-8
0.0142805	5.6338747378790495e-8
0.018564650000000002	7.336131841952808e-8
0.024134045000000003	1.0035763516651538e-7
0.0313742585	1.2747623230507238e-7
0.04078653605	1.7337506027806518e-7
0.05302249686500001	2.3078472065782045e-7
0.06892924592450002	8.198984741577884e-6
0.08960801970185003	8.186037109206968e-5
0.11649042561240502	3.994881848296641e-4
0.15143755329612654	0.0011091743601819568
0.19686881928496452	0.0025646729183003503
0.2559294650704539	0.005139902711564755
0.33270830459159006	0.00874219043725375
0.43252079596906706	0.01171804148893552
0.5622770347597872	0.013904941583013537
0.7309601451877235	0.01588328270071527
0.9502481887440405	0.017952127417207076
1.2353226453672528	0.017874175729907304
1.6059194389774285	0.017459675829658516
