0.0065	6.04639543084505e-5
0.00845	8.038603770178386e-5
0.010985	1.074589184995735e-4
0.0142805	1.3704592730040153e-4
0.018564650000000002	1.7694449177144651e-4
0.024134045000000003	2.385666271911054e-4
0.0313742585	3.039808558923891e-4
0.04078653605	3.9753871314653414e-4
0.05302249686500001	5.272444774791801e-4
0.06892924592450002	7.284674793752368e-4
0.08960801970185003	0.0013581720235391053
0.11649042561240502	0.002625416638374193
0.15143755329612654	0.007790906894681678
0.19686881928496452	0.014797561981717361
0.2559294650704539	0.02778009805026358
0.33270830459159006	0.044985186440717764
0.43252079596906706	0.056052258623579966
0.5622770347597872	0.06998393002074439
0.7309601451877235	0.07568329464301374
0.9502481887440405	0.07787149111756576
1.2353226453672528	0.08090642897125394
1.6059194389774285	0.08459528739962985
