0.0065	6.409542532199988e-4
0.00845	8.614558852915375e-4
0.010985	0.001044857418341103
0.0142805	0.0013868538345454566
0.018564650000000002	0.0018155101029378037
0.024134045000000003	0.0024768646573460943
0.0313742585	0.0030926137717955608
0.04078653605	0.004044517966886273
0.05302249686500001	0.006265502169328061
0.06892924592450002	0.008776341538757278
0.08960801970185003	0.015037402806629411
0.11649042561240502	0.022017099364196532
0.15143755329612654	0.03524433217685435
0.19686881928496452	0.04596852386607614
0.2559294650704539	0.0586222909328648
0.33270830459159006	0.06981999852149762
0.43252079596906706	0.07502604605465886
0.5622770347597872	0.07883583700998743
0.7309601451877235	0.08203087446286664
0.9502481887440405	0.07994460333625551
1.2353226453672528	0.08283787570335308
1.6059194389774285	0.08416961044405641
