0.0065	3.6412328692964374e-9
0.00845	4.843650499962774e-9
0.010985	6.29448723942769e-9
0.0142805	7.628393633663892e-9
0.018564650000000002	1.0309875796394447e-8
0.024134045000000003	1.3394897095208557e-8
0.0313742585	1.7187445845151412e-8
0.04078653605	2.3842412861926293e-8
0.05302249686500001	3.076469491550897e-8
0.06892924592450002	2.765577773092833e-4
0.08960801970185003	3.660485924740085e-4
0.11649042561240502	0.0011495649438101432
0.15143755329612654	0.0029722581854381555
0.19686881928496452	0.005770916422463947
0.2559294650704539	0.010636931478369851
0.33270830459159006	0.0155907333529251
0.43252079596906706	0.01966111890776194
0.5622770347597872	0.023129802064235143
0.7309601451877235	0.024508348495040612
0.9502481887440405	0.025617535149199202
1.2353226453672528	0.02489001558826227
1.6059194389774285	0.025551525978999373
