0.0065	6.095169847054408e-4
0.00845	8.527663973788434e-4
0.010985	0.0010177019493362353
0.0142805	0.0013991668785513526
0.018564650000000002	0.001826152695535636
0.024134045000000003	0.0024617266502246944
0.0313742585	0.0031944641913330472
0.04078653605	0.004209631167366848
0.05302249686500001	0.005963312488001418
0.06892924592450002	0.009184952248137491
0.08960801970185003	0.013802356495368649
0.11649042561240502	0.02350000640238708
0.15143755329612654	0.03512990959850331
0.19686881928496452	0.04696054101214627
0.2559294650704539	0.05686259426338778
0.33270830459159006	0.06948026599574661
0.43252079596906706	0.07435077570068646
0.5622770347597872	0.07945998322598757
0.7309601451877235	0.07992329610718686
0.9502481887440405	0.08374602657324096
1.2353226453672528	0.08076366068577343
1.6059194389774285	0.08509253005000024
