0.0065	1.7420480608203026e-6
0.00845	2.3519273165826603e-6
0.010985	3.0378153874056504e-6
0.0142805	3.672955332138363e-6
0.018564650000000002	4.970294877071082e-6
0.024134045000000003	6.588621669194755e-6
0.0313742585	8.321462112318762e-6
0.04078653605	1.1511374097389299e-5
0.05302249686500001	1.5015441313100066e-5
0.06892924592450002	5.37498563570804e-5
0.08960801970185003	1.2238215348064338e-4
0.11649042561240502	5.272322655133336e-4
0.15143755329612654	0.0012932264363427306
0.19686881928496452	0.0032486397251987376
0.2559294650704539	0.005524803647630005
0.33270830459159006	0.00894743199365983
0.43252079596906706	0.012702128160794652
0.5622770347597872	0.01512830606822521
0.7309601451877235	0.01711275645275968
0.9502481887440405	0.017197691909539292
1.2353226453672528	0.017754450471896426
1.6059194389774285	0.017845740998583392
