0.0065	7.513536512521854e-6
0.00845	1.0363413390659514e-5
0.010985	1.2970844534791033e-5
0.0142805	1.7759138371075666e-5
0.018564650000000002	2.1181777840367518e-5
0.024134045000000003	2.9598646292126123e-5
0.0313742585	3.868995388883084e-5
0.04078653605	5.018271138592123e-5
0.05302249686500001	7.15537434425497e-5
0.06892924592450002	1.1120992937025595e-4
0.08960801970185003	2.1686879931771003e-4
0.11649042561240502	8.350779202605915e-4
0.15143755329612654	0.002149986348358777
0.19686881928496452	0.005360786790850821
0.2559294650704539	0.011882676875332256
0.33270830459159006	0.020528614873782734
0.43252079596906706	0.03365374514393694
0.5622770347597872	0.04764438103571432
0.7309601451877235	0.061992592916858824
0.9502481887440405	0.06520230384572046
1.2353226453672528	0.07654956657810082
1.6059194389774285	0.07863023516446334
