0.0065	6.057832545346904e-13
0.00845	7.891019091589053e-13
0.010985	9.96421679576391e-13
0.0142805	1.3292141663868774e-12
0.018564650000000002	1.7241641087819731e-12
0.024134045000000003	2.2965811386392722e-12
0.0313742585	3.0172975046115305e-12
0.04078653605	3.968115766179395e-12
0.05302249686500001	5.142747767962851e-12
0.06892924592450002	4.728605969451412e-6
0.08960801970185003	6.352049194447553e-5
0.11649042561240502	3.470568550729307e-4
0.15143755329612654	0.0014036197229033416
0.19686881928496452	0.002685527246364444
0.2559294650704539	0.0057542991169089236
0.33270830459159006	0.00907022701435116
0.43252079596906706	0.012738212960244615
0.5622770347597872	0.015100960361412055
0.7309601451877235	0.016570129216401427
0.9502481887440405	0.016521845699355112
1.2353226453672528	0.017226776410079307
1.6059194389774285	0.01751806013567712
