0.0065	5.302014338204061e-8
0.00845	7.307354432223469e-8
0.010985	8.695782567367229e-8
0.0142805	1.1868205191651734e-7
0.018564650000000002	1.5578183907662626e-7
0.024134045000000003	2.143945537497198e-7
0.0313742585	8.795021922946173e-6
0.04078653605	4.602957984195431e-5
0.05302249686500001	1.932518202780431e-4
0.06892924592450002	5.59110793443736e-4
0.08960801970185003	0.0013298514435800403
0.11649042561240502	0.0030493877635362652
0.15143755329612654	0.004848157302132382
0.19686881928496452	0.008282292289304435
0.2559294650704539	0.009823785340579858
0.33270830459159006	0.01293807898946557
0.43252079596906706	0.014107491993068455
0.5622770347597872	0.015844003907160804
0.7309601451877235	0.016556806229640578
0.9502481887440405	0.017930891781943258
1.2353226453672528	0.017093595603693536
1.6059194389774285	0.01778037065617489
