0.0065	6.11837516645594e-13
0.00845	8.037077784291109e-13
0.010985	1.0510220785817596e-12
0.0142805	1.2881774557072799e-12
0.018564650000000002	1.7210164959377757e-12
0.024134045000000003	2.2149608252562125e-12
0.0313742585	2.8642166915101048e-12
0.04078653605	3.990919022282252e-12
0.05302249686500001	5.103057131256801e-12
0.06892924592450002	4.466901974814604e-5
0.08960801970185003	5.855093002201019e-5
0.11649042561240502	4.5300804184173496e-4
0.15143755329612654	0.0011981643666176512
0.19686881928496452	0.0027585377107521296
0.2559294650704539	0.005971435550731529
0.33270830459159006	0.008568677821517448
0.43252079596906706	0.012484734699742882
0.5622770347597872	0.015215319968823153
0.7309601451877235	0.01595076274252777
0.9502481887440405	0.01714589940514919
1.2353226453672528	0.01854226877660404
1.6059194389774285	0.017923319692611312
