0.0065	2.2760502247474694e-4
0.00845	3.0526303903280103e-4
0.010985	3.884155750403949e-4
0.0142805	5.187933901080081e-4
0.018564650000000002	6.810762638617e-4
0.024134045000000003	8.467660700628176e-4
0.0313742585	0.001168665817126969
0.04078653605	0.0014982228749515656
0.05302249686500001	0.0019592476619177614
0.06892924592450002	0.0026648167297422497
0.08960801970185003	0.0042132883344111974
0.11649042561240502	0.0062796517701456155
0.15143755329612654	0.011531238681644452
0.19686881928496452	0.018976013484229483
0.2559294650704539	0.029523207458373092
0.33270830459159006	0.04036488570940712
0.43252079596906706	0.0530694492938668
0.5622770347597872	0.06323449386508018
0.7309601451877235	0.07231677990669279
0.9502481887440405	0.07349931851739434
1.2353226453672528	0.0770127468969211
1.6059194389774285	0.0835269734472863
