0.0065	3.924163904401786e-9
0.00845	5.522637615468555e-9
0.010985	6.9990643808916996e-9
0.0142805	9.315334207600116e-9
0.018564650000000002	1.1317250954023494e-8
0.024134045000000003	1.554022369689966e-8
0.0313742585	1.998896946608153e-8
0.04078653605	2.620898610063622e-8
0.05302249686500001	1.3916542535108236e-5
0.06892924592450002	1.3968984102959361e-5
0.08960801970185003	1.561559050815814e-4
0.11649042561240502	5.141744775174774e-4
0.15143755329612654	0.0010216364416168909
0.19686881928496452	0.0030579198923195976
0.2559294650704539	0.007421172904092886
0.33270830459159006	0.010979126947740772
0.43252079596906706	0.017707464706318055
0.5622770347597872	0.024229943334435133
0.7309601451877235	0.030474906870777006
0.9502481887440405	0.03320990597731439
1.2353226453672528	0.037579521671487655
1.6059194389774285	0.03924396276546826
