0.0065	1.4114494914602972e-5
0.00845	1.831885732120632e-5
0.010985	2.2824392092023756e-5
0.0142805	3.0959119276925033e-5
0.018564650000000002	4.0419527429707426e-5
0.024134045000000003	5.4539375676631006e-5
0.0313742585	6.878383274172404e-5
0.04078653605	9.582703196915641e-5
0.05302249686500001	1.264056419987378e-4
0.06892924592450002	2.671384957098467e-4
0.08960801970185003	3.726790480715179e-4
0.11649042561240502	0.0015653178215183465
0.15143755329612654	0.004171775372339227
0.19686881928496452	0.010593521065956296
0.2559294650704539	0.02288998502498827
0.33270830459159006	0.03712318675054629
0.43252079596906706	0.05419541896127774
0.5622770347597872	0.06818485615257969
0.7309601451877235	0.07521407702551375
0.9502481887440405	0.08008077231403071
1.2353226453672528	0.08429896816173803
1.6059194389774285	0.0822763652834665
