0.0065	3.6489022466123823e-9
0.00845	4.730761801422262e-9
0.010985	6.011934833132984e-9
0.0142805	7.978125942364627e-9
0.018564650000000002	1.030404145876716e-8
0.024134045000000003	1.3801823479629205e-8
0.0313742585	1.792248158809049e-8
0.04078653605	2.3785595037427556e-8
0.05302249686500001	3.09044508807465e-8
0.06892924592450002	1.250460482441478e-5
0.08960801970185003	3.03146081797834e-4
0.11649042561240502	0.00106239505969714
0.15143755329612654	0.0033195112697324137
0.19686881928496452	0.006450531817063256
0.2559294650704539	0.010120524684700675
0.33270830459159006	0.016492849036826053
0.43252079596906706	0.0196903227377424
0.5622770347597872	0.022973463725406706
0.7309601451877235	0.024067964338254668
0.9502481887440405	0.026180669141225923
1.2353226453672528	0.026405147297173637
1.6059194389774285	0.02630090978564986
