0.0065	9.105562321007734e-14
0.00845	1.3026240146966444e-13
0.010985	1.6242178751128074e-13
0.0142805	2.1436024718747505e-13
0.018564650000000002	2.5999067004120654e-13
0.024134045000000003	3.600997048701806e-13
0.0313742585	4.677842041273787e-13
0.04078653605	6.007976154536891e-13
0.05302249686500001	1.3888965938413865e-5
0.06892924592450002	6.944694065414901e-5
0.08960801970185003	2.4451555809934446e-4
0.11649042561240502	0.0010765670351248824
0.15143755329612654	0.0025294778573172073
0.19686881928496452	0.00534556608990314
0.2559294650704539	0.010543795082289784
0.33270830459159006	0.015410726155739452
0.43252079596906706	0.021839873241453235
0.5622770347597872	0.02816485973688412
0.7309601451877235	0.03292809449835527
0.9502481887440405	0.03544021298810668
1.2353226453672528	0.038385518330884674
1.6059194389774285	0.039705906262208684
