0.0065	3.735855932735644e-17
0.00845	4.794199687739045e-17
0.010985	5.931328390792538e-17
0.0142805	7.995928904347933e-17
0.018564650000000002	1.0265784861635177e-16
0.024134045000000003	1.444105944383958e-16
0.0313742585	1.8222898905071354e-16
0.04078653605	2.3969776238008223e-16
0.05302249686500001	3.2733901222269827e-16
0.06892924592450002	7.445634682238019e-6
0.08960801970185003	6.904178177219961e-5
0.11649042561240502	3.0418616729916727e-4
0.15143755329612654	0.0010091814304177928
0.19686881928496452	0.0027093761111243258
0.2559294650704539	0.005393180428201713
0.33270830459159006	0.008550594034027711
0.43252079596906706	0.012124133592656372
0.5622770347597872	0.014278450840049165
0.7309601451877235	0.016728986247590037
0.9502481887440405	0.01822147439483276
1.2353226453672528	0.01843999815956066
1.6059194389774285	0.018290233423240147
