0.002	3.20409491031106e-6
0.0023	3.629125796873081e-6
0.0026449999999999998	4.095320218190008e-6
0.0030417499999999997	1.856707717817019e-5
0.003498012499999999	4.687153640175245e-5
0.004022714374999999	1.384511579459812e-4
0.004626121531249998	3.0733581879906875e-4
0.005320039760937497	8.934188627992387e-4
0.006118045725078122	0.0016179269816730256
0.0070357525838398395	0.0025128818277657798
0.008091115471415814	0.003448775347658437
0.009304782792128185	0.005903808518531662
0.010700500210947412	0.007377413973512512
0.012305575242589522	0.011162451501319446
0.014151411528977951	0.013954955854239849
0.016274123258324644	0.01710134724519414
0.018715241747073334	0.021687271622201774
0.021522528009134335	0.02653896032831189
0.024750907210504488	0.029899229935531818
0.028463543292080153	0.0344779078985619
0.03273307478589218	0.03827338291852568
0.037643036003776	0.03823197975792119
0.0432894914043424	0.04288138858022036
0.04978291511499375	0.0417546302497693
0.05725035238224281	0.04062794618314252
0.06583790523957923	0.042496445182749434
