0.002	1.134998218711356e-9
0.0023	1.3091344481956693e-9
0.0026449999999999998	1.4650491564561988e-9
0.0030417499999999997	1.3887658410577226e-5
0.003498012499999999	4.163970532684903e-5
0.004022714374999999	1.8000743590952824e-4
0.004626121531249998	6.265106730593017e-4
0.005320039760937497	0.001613508262796917
0.006118045725078122	0.003794928843769406
0.0070357525838398395	0.004054039089641788
0.008091115471415814	0.006522360485273813
0.009304782792128185	0.009999636186620463
0.010700500210947412	0.01373902825160639
0.012305575242589522	0.017614251134955336
0.014151411528977951	0.02099634686279771
0.016274123258324644	0.025152785463163983
0.018715241747073334	0.031460168872252656
0.021522528009134335	0.03297062189102302
0.024750907210504488	0.03873147400798775
0.028463543292080153	0.04013439307465327
0.03273307478589218	0.03946841893479644
0.037643036003776	0.040541634712474364
0.0432894914043424	0.03936005669503112
0.04978291511499375	0.040540227113881146
0.05725035238224281	0.04166974732555023
0.06583790523957923	0.04139917644643496
