0.002	4.9225613519415704e-8
0.0023	5.331236451536058e-8
0.0026449999999999998	6.786197334910345e-8
0.0030417499999999997	7.032445107383751e-8
0.003498012499999999	1.3967958872114392e-5
0.004022714374999999	1.5980505384312083e-4
0.004626121531249998	5.698921961570478e-4
0.005320039760937497	9.381769314435897e-4
0.006118045725078122	0.0017129644218086785
0.0070357525838398395	0.0028647399311223327
0.008091115471415814	0.003682019219285134
0.009304782792128185	0.006003146309636585
0.010700500210947412	0.00841871743733137
0.012305575242589522	0.010728900901090918
0.014151411528977951	0.013772787801478331
0.016274123258324644	0.01680477499612552
0.018715241747073334	0.02252873943683895
0.021522528009134335	0.025241957162659565
0.024750907210504488	0.030918372564746062
0.028463543292080153	0.034024658688370416
0.03273307478589218	0.03991837023064972
0.037643036003776	0.03967911733794872
0.0432894914043424	0.04033445292403109
0.04978291511499375	0.04186355722754681
0.05725035238224281	0.04014400133709505
0.06583790523957923	0.04174030164512426
