0.0065	3.6167296399170564e-4
0.00845	4.5899974845270175e-4
0.010985	5.796740350058366e-4
0.0142805	7.676344165709512e-4
0.018564650000000002	0.0010359996805039016
0.024134045000000003	0.001346523067015592
0.0313742585	0.001754978555039854
0.04078653605	0.0021632799514235794
0.05302249686500001	0.0029600338257852144
0.06892924592450002	0.0035224803327926243
0.08960801970185003	0.004556690840606911
0.11649042561240502	0.0057054787135977815
0.15143755329612654	0.007518741321874966
0.19686881928496452	0.009025856662112582
0.2559294650704539	0.011438026953287982
0.33270830459159006	0.013309556472871815
0.43252079596906706	0.014675446133037343
0.5622770347597872	0.015987083242602035
0.7309601451877235	0.016321294864515487
0.9502481887440405	0.016830074481871838
1.2353226453672528	0.01720877954617577
1.6059194389774285	0.018113983180073276
