0.0065	2.8942112490624453e-7
0.00845	4.152913562686557e-7
0.010985	5.465575273567842e-7
0.0142805	7.068066968325941e-7
0.018564650000000002	8.966967175307884e-7
0.024134045000000003	1.1383734240982881e-6
0.0313742585	1.5312259959173183e-6
0.04078653605	2.0281386441617203e-6
0.05302249686500001	1.530316288187191e-5
0.06892924592450002	3.7242074645410527e-6
0.08960801970185003	2.543584370414673e-4
0.11649042561240502	0.0011842533793027302
0.15143755329612654	0.00233565250156397
0.19686881928496452	0.005462238680489915
0.2559294650704539	0.011500330865933243
0.33270830459159006	0.018408156780268536
0.43252079596906706	0.0239484182903904
0.5622770347597872	0.030009871252643445
0.7309601451877235	0.033610153923714546
0.9502481887440405	0.03492995824507709
1.2353226453672528	0.040543543537958915
1.6059194389774285	0.04413219819002618
