0.002	9.46923834297486e-5
0.0023	1.0195864178005381e-4
0.0026449999999999998	1.2118171042944725e-4
0.0030417499999999997	1.35440097599546e-4
0.003498012499999999	1.92226919372e-4
0.004022714374999999	4.1393754356163317e-4
0.004626121531249998	7.388578346089011e-4
0.005320039760937497	0.0018168579002056217
0.006118045725078122	0.002545232607267327
0.0070357525838398395	0.004862963802988548
0.008091115471415814	0.006963580579089336
0.009304782792128185	0.010600158831791228
0.010700500210947412	0.015842721856674666
0.012305575242589522	0.021571876050392503
0.014151411528977951	0.027649898532410865
0.016274123258324644	0.03524819476501831
0.018715241747073334	0.04498439395596246
0.021522528009134335	0.05652060449229581
0.024750907210504488	0.06408089086958627
0.028463543292080153	0.07038377364879117
0.03273307478589218	0.07757650408605163
0.037643036003776	0.08280707905567164
0.0432894914043424	0.08245583007828311
0.04978291511499375	0.08422898469154728
0.05725035238224281	0.08171253513602378
0.06583790523957923	0.08404656176093551
