0.0065	3.8290988888789005e-5
0.00845	5.2262559563515554e-5
0.010985	6.631514922940019e-5
0.0142805	9.022089948680175e-5
0.018564650000000002	1.1667229320438953e-4
0.024134045000000003	1.4606955023600455e-4
0.0313742585	2.0584756979422542e-4
0.04078653605	2.6713092257147573e-4
0.05302249686500001	3.430594456406331e-4
0.06892924592450002	4.989122618306285e-4
0.08960801970185003	0.0010568848795342075
0.11649042561240502	0.001848002190952427
0.15143755329612654	0.003980591920313532
0.19686881928496452	0.0072246265046221
0.2559294650704539	0.01172470569417497
0.33270830459159006	0.01659206292440734
0.43252079596906706	0.023493985450013362
0.5622770347597872	0.027545928616146072
0.7309601451877235	0.03031642781316855
0.9502481887440405	0.03500632073860079
1.2353226453672528	0.03862102446261189
1.6059194389774285	0.037989176088130315
