0.0065	3.5089468948467764e-12
0.00845	4.4378585077050995e-12
0.010985	5.522862129411864e-12
0.0142805	7.499058055401682e-12
0.018564650000000002	9.648607354938618e-12
0.024134045000000003	1.3430165341348984e-11
0.0313742585	1.6997304975624866e-11
0.04078653605	2.2617166300371906e-11
0.05302249686500001	3.0595267545162984e-11
0.06892924592450002	5.291009887339878e-5
0.08960801970185003	1.3157579975560653e-4
0.11649042561240502	0.0010099788368502084
0.15143755329612654	0.0026101154925580847
0.19686881928496452	0.006064706357813415
0.2559294650704539	0.010000646961829384
0.33270830459159006	0.01500881036036631
0.43252079596906706	0.02017681218293803
0.5622770347597872	0.023693444217844434
0.7309601451877235	0.023965239565301544
0.9502481887440405	0.025404485689409104
1.2353226453672528	0.0248794637063694
1.6059194389774285	0.025266415037868844
