0.002	3.942850776034149e-4
0.0023	4.458617429192061e-4
0.0026449999999999998	5.125394309598223e-4
0.0030417499999999997	5.90589762013848e-4
0.003498012499999999	6.959842590650104e-4
0.004022714374999999	9.049582297551909e-4
0.004626121531249998	0.0014166643281306479
0.005320039760937497	0.0022395040791039662
0.006118045725078122	0.003758016691550354
0.0070357525838398395	0.005458427877502329
0.008091115471415814	0.008220106606744586
0.009304782792128185	0.012877443147742433
0.010700500210947412	0.017243949011436527
0.012305575242589522	0.023785370643486223
0.014151411528977951	0.03382400276731479
0.016274123258324644	0.03872765798545091
0.018715241747073334	0.05049663855807653
0.021522528009134335	0.05617297006731684
0.024750907210504488	0.06559026726443354
0.028463543292080153	0.07357732373935996
0.03273307478589218	0.07629774612615117
0.037643036003776	0.08379496503080545
0.0432894914043424	0.08171345051052865
0.04978291511499375	0.08109439136438179
0.05725035238224281	0.08181970923981241
0.06583790523957923	0.08309587450030324
