0.0065	2.4848507049992174e-7
0.00845	3.43628429724671e-7
0.010985	4.3453822816639634e-7
0.0142805	5.623174420170859e-7
0.018564650000000002	7.512656781024331e-7
0.024134045000000003	1.0109691334201653e-6
0.0313742585	1.3295218697064595e-6
0.04078653605	1.7473166359204286e-6
0.05302249686500001	1.6272571297176744e-5
0.06892924592450002	5.98891391356965e-6
0.08960801970185003	1.578357541227209e-4
0.11649042561240502	5.112851124157331e-4
0.15143755329612654	0.0011670246597497182
0.19686881928496452	0.00318162447107327
0.2559294650704539	0.007413002059259378
0.33270830459159006	0.010975201469866176
0.43252079596906706	0.017855659069881288
0.5622770347597872	0.02317472837877028
0.7309601451877235	0.03014441872256949
0.9502481887440405	0.03398554217594853
1.2353226453672528	0.03549584806827272
1.6059194389774285	0.03931862273552987
