0.0065	9.06489077700113e-11
0.00845	1.2494964372876858e-10
0.010985	1.5497851464055608e-10
0.0142805	2.018277840095469e-10
0.018564650000000002	2.7269622916081757e-10
0.024134045000000003	3.6302914644198865e-10
0.0313742585	4.796056303883608e-10
0.04078653605	6.292546424828983e-10
0.05302249686500001	1.3891660253744356e-5
0.06892924592450002	2.54712600592903e-6
0.08960801970185003	3.617408290457339e-4
0.11649042561240502	7.002315264919717e-4
0.15143755329612654	0.0023833228612295493
0.19686881928496452	0.005817386031521066
0.2559294650704539	0.011757706743135782
0.33270830459159006	0.015065403424073776
0.43252079596906706	0.024015547327340046
0.5622770347597872	0.0285064848298612
0.7309601451877235	0.031886908612531364
0.9502481887440405	0.03610646274921867
1.2353226453672528	0.038669358466217434
1.6059194389774285	0.037797777484191476
