0.002	3.7244696911381608e-6
0.0023	4.3899858031037435e-6
0.0026449999999999998	5.092308197430272e-6
0.0030417499999999997	1.8981923783607993e-5
0.003498012499999999	1.54151772292236e-4
0.004022714374999999	7.422665429836172e-4
0.004626121531249998	0.0018847760674611685
0.005320039760937497	0.0024667908156059165
0.006118045725078122	0.004117899604571975
0.0070357525838398395	0.0055288844822555016
0.008091115471415814	0.01009450576898937
0.009304782792128185	0.01288020597093055
0.010700500210947412	0.017100099049842787
0.012305575242589522	0.021340531860078664
0.014151411528977951	0.02537790708590752
0.016274123258324644	0.031173863999286067
0.018715241747073334	0.03566141135990025
0.021522528009134335	0.03853120582625278
0.024750907210504488	0.04157720812351671
0.028463543292080153	0.04144701097712213
0.03273307478589218	0.043175658688612686
0.037643036003776	0.042706253377785504
0.0432894914043424	0.043933752384337145
0.04978291511499375	0.04399427280016365
0.05725035238224281	0.0430074865049885
0.06583790523957923	0.04089789229493272
