0.0065	1.5255964549081723e-5
0.00845	1.9210391014029553e-5
0.010985	2.4732549690398e-5
0.0142805	3.247890614104048e-5
0.018564650000000002	4.4104475571980806e-5
0.024134045000000003	6.306729867771274e-5
0.0313742585	8.156203935218086e-5
0.04078653605	1.7411111852767304e-4
0.05302249686500001	5.006589603582244e-4
0.06892924592450002	9.706649201843411e-4
0.08960801970185003	0.0023783807630259144
0.11649042561240502	0.004721384697742583
0.15143755329612654	0.008297276092728987
0.19686881928496452	0.011834413412632082
0.2559294650704539	0.015894484992606785
0.33270830459159006	0.019928465844303047
0.43252079596906706	0.023094083491262078
0.5622770347597872	0.022803136496133167
0.7309601451877235	0.02524478246026251
0.9502481887440405	0.024892507848319135
1.2353226453672528	0.026110653688750134
1.6059194389774285	0.02578490181835212
