0.0065	6.003856109064568e-5
0.00845	8.379246949979725e-5
0.010985	1.0525116804557901e-4
0.0142805	1.3239080844928112e-4
0.018564650000000002	1.7337434763674294e-4
0.024134045000000003	2.3298387111140217e-4
0.0313742585	2.9194131481275745e-4
0.04078653605	4.0599156943319626e-4
0.05302249686500001	5.275736945009922e-4
0.06892924592450002	0.0010143728541684095
0.08960801970185003	0.0013824304722267206
0.11649042561240502	0.002756866066980186
0.15143755329612654	0.006176135706123168
0.19686881928496452	0.013760403705990704
0.2559294650704539	0.029651359519836332
0.33270830459159006	0.04387571528008004
0.43252079596906706	0.05676750635538797
0.5622770347597872	0.06995016558475202
0.7309601451877235	0.07953803999734656
0.9502481887440405	0.08037486327928249
1.2353226453672528	0.08512732986026211
1.6059194389774285	0.08243791720016316
