0.0065	5.427622717137324e-8
0.00845	6.890343230523165e-8
0.010985	8.951739491959886e-8
0.0142805	1.1670743295052147e-7
0.018564650000000002	1.5814424412445198e-7
0.024134045000000003	1.7985750293441815e-5
0.0313742585	3.8182201418603655e-6
0.04078653605	6.967363600535776e-5
0.05302249686500001	2.2450253780034057e-4
0.06892924592450002	5.451428995074877e-4
0.08960801970185003	0.0016801789942927454
0.11649042561240502	0.0028775038567051543
0.15143755329612654	0.005303081315002652
0.19686881928496452	0.007742402086984331
0.2559294650704539	0.010283385117418883
0.33270830459159006	0.011945896571731925
0.43252079596906706	0.014876153862064418
0.5622770347597872	0.016005175066041752
0.7309601451877235	0.016248179276899147
0.9502481887440405	0.017637870169190464
1.2353226453672528	0.017361963159860678
1.6059194389774285	0.01835664008249389
