0.0065	3.445244155675781e-4
0.00845	4.779878692838745e-4
0.010985	5.644813840547318e-4
0.0142805	7.823809224834715e-4
0.018564650000000002	0.0010215942301428412
0.024134045000000003	0.0014097185543650121
0.0313742585	0.0017515885030763736
0.04078653605	0.0022795672948802137
0.05302249686500001	0.0029122503182109766
0.06892924592450002	0.003671399393753162
0.08960801970185003	0.004775233910693699
0.11649042561240502	0.006080344528170311
0.15143755329612654	0.007511142766566181
0.19686881928496452	0.009566953064866903
0.2559294650704539	0.01138318019863548
0.33270830459159006	0.013814152840646111
0.43252079596906706	0.01455515964473564
0.5622770347597872	0.01636068108583273
0.7309601451877235	0.01660174542699018
0.9502481887440405	0.017358225977652363
1.2353226453672528	0.017221887160805534
1.6059194389774285	0.01753895451043022
