0.0065	3.093353604019123e-5
0.00845	4.195577423064113e-5
0.010985	5.557555782993382e-5
0.0142805	7.065119630390652e-5
0.018564650000000002	9.381666619492642e-5
0.024134045000000003	1.2831940960987502e-4
0.0313742585	1.6092153126028247e-4
0.04078653605	2.1419854495601204e-4
0.05302249686500001	2.8337342289032835e-4
0.06892924592450002	3.917482746238893e-4
0.08960801970185003	8.519075186513773e-4
0.11649042561240502	0.00125909967534237
0.15143755329612654	0.0034050401942253435
0.19686881928496452	0.0071608935230726
0.2559294650704539	0.014710741040912228
0.33270830459159006	0.023734715283130342
0.43252079596906706	0.040694552047121836
0.5622770347597872	0.052508069463817544
0.7309601451877235	0.06209893966831644
0.9502481887440405	0.06954853333279669
1.2353226453672528	0.07505644549483216
1.6059194389774285	0.07918873431453645
