0.002	4.7640351899133594e-4
0.0023	5.543578557580073e-4
0.0026449999999999998	6.449164353623747e-4
0.0030417499999999997	7.81369813421189e-4
0.003498012499999999	9.110193833432728e-4
0.004022714374999999	0.0011532092731398244
0.004626121531249998	0.0021386434251714167
0.005320039760937497	0.002645485180083846
0.006118045725078122	0.003763153690425197
0.0070357525838398395	0.0051095156718574414
0.008091115471415814	0.00732746702580849
0.009304782792128185	0.009988608892120455
0.010700500210947412	0.012710331903822598
0.012305575242589522	0.016333312443427256
0.014151411528977951	0.019927582135219665
0.016274123258324644	0.022861532169676898
0.018715241747073334	0.02873671898594676
0.021522528009134335	0.030754596459181587
0.024750907210504488	0.0330721628644977
0.028463543292080153	0.03432357321261032
0.03273307478589218	0.03887796254961723
0.037643036003776	0.03879664452097936
0.0432894914043424	0.038662571336393496
0.04978291511499375	0.03896634334336181
0.05725035238224281	0.04230162082406368
0.06583790523957923	0.041348283867280206
