0.0065	1.4698595950115434e-5
0.00845	2.0345725757245438e-5
0.010985	2.403818782924591e-5
0.0142805	3.304158210514346e-5
0.018564650000000002	4.341676617265806e-5
0.024134045000000003	6.00017416988221e-5
0.0313742585	1.0039723256615395e-4
0.04078653605	1.5182775145532288e-4
0.05302249686500001	3.6401891751169224e-4
0.06892924592450002	0.0010817560203401507
0.08960801970185003	0.002022713082607581
0.11649042561240502	0.004665337327871811
0.15143755329612654	0.008627425245339106
0.19686881928496452	0.012239239359499724
0.2559294650704539	0.015283949399635847
0.33270830459159006	0.020283534626617836
0.43252079596906706	0.022784706042309786
0.5622770347597872	0.024387170397870115
0.7309601451877235	0.024324170840943377
0.9502481887440405	0.026406503948432074
1.2353226453672528	0.026654034117529455
1.6059194389774285	0.02548650188360433
