0.0065	3.951526162051188e-9
0.00845	5.136984010666544e-9
0.010985	6.678079213866508e-9
0.0142805	8.68150297802646e-9
0.018564650000000002	1.12859538714344e-8
0.024134045000000003	1.467174003286472e-8
0.0313742585	1.9073262042724136e-8
0.04078653605	2.4795240655541378e-8
0.05302249686500001	3.2233812852203794e-8
0.06892924592450002	4.190395670786493e-8
0.08960801970185003	5.447514372022442e-8
0.11649042561240502	7.081768683629174e-8
0.15143755329612654	9.206299288717927e-8
0.19686881928496452	1.1968189075333305e-7
0.2559294650704539	1.5558645797933297e-7
0.33270830459159006	2.0226239537313285e-7
0.43252079596906706	2.629411139850727e-7
0.5622770347597872	3.418234481805945e-7
0.7309601451877235	4.44370482634773e-7
0.9502481887440405	5.776816274252049e-7
1.2353226453672528	7.509861156527665e-7
1.6059194389774285	9.762819503485962e-7
