0.0065	1.4818223107691944e-4
0.00845	1.9263690039999528e-4
0.010985	2.5042797051999386e-4
0.0142805	3.25556361675992e-4
0.018564650000000002	4.232232701787897e-4
0.024134045000000003	5.501902512324267e-4
0.0313742585	7.152473266021545e-4
0.04078653605	9.298215245828009e-4
0.05302249686500001	0.0012087679819576414
0.06892924592450002	0.0015713983765449338
0.08960801970185003	0.0020428178895084146
0.11649042561240502	0.002655663256360938
0.15143755329612654	0.00345236223326922
0.19686881928496452	0.004488070903249986
0.2559294650704539	0.005834492174224983
0.33270830459159006	0.007584839826492477
0.43252079596906706	0.00986029177444022
0.5622770347597872	0.012818379306772286
0.7309601451877235	0.016663893098803974
0.9502481887440405	0.021663061028445164
1.2353226453672528	0.028161979336978723
1.6059194389774285	0.03661057313807234
