0.0065	4.6101138557266716e-8
0.00845	5.993148012444673e-8
0.010985	7.791092416178076e-8
0.0142805	1.0128420141031499e-7
0.018564650000000002	1.316694618334095e-7
0.024134045000000003	1.7117030038343233e-7
0.0313742585	2.2252139049846202e-7
0.04078653605	2.8927780764800063e-7
0.05302249686500001	3.760611499424009e-7
0.06892924592450002	4.888794949251212e-7
0.08960801970185003	6.355433434026575e-7
0.11649042561240502	8.262063464234547e-7
0.15143755329612654	1.0740682503504913e-6
0.19686881928496452	1.3962887254556387e-6
0.2559294650704539	1.8151753430923302e-6
0.33270830459159006	2.3597279460200298e-6
0.43252079596906706	3.0676463298260383e-6
0.5622770347597872	3.9879402287738495e-6
0.7309601451877235	5.184322297406005e-6
0.9502481887440405	6.739618986627807e-6
1.2353226453672528	8.761504682616151e-6
1.6059194389774285	1.1389956087400994e-5
