0.0065	2.9636446215383892e-5
0.00845	3.852738007999906e-5
0.010985	5.008559410399878e-5
0.0142805	6.511127233519841e-5
0.018564650000000002	8.464465403575794e-5
0.024134045000000003	1.1003805024648532e-4
0.0313742585	1.4304946532043094e-4
0.04078653605	1.8596430491656018e-4
0.05302249686500001	2.417535963915283e-4
0.06892924592450002	3.142796753089868e-4
0.08960801970185003	4.0856357790168286e-4
0.11649042561240502	5.311326512721877e-4
0.15143755329612654	6.90472446653844e-4
0.19686881928496452	8.976141806499974e-4
0.2559294650704539	0.0011668984348449966
0.33270830459159006	0.0015169679652984956
0.43252079596906706	0.0019720583548880444
0.5622770347597872	0.0025636758613544574
0.7309601451877235	0.003332778619760795
0.9502481887440405	0.004332612205689034
1.2353226453672528	0.005632395867395745
1.6059194389774285	0.007322114627614468
