0.0065	2.9636446215383895e-7
0.00845	3.8527380079999057e-7
0.010985	5.008559410399878e-7
0.0142805	6.511127233519841e-7
0.018564650000000002	8.464465403575795e-7
0.024134045000000003	1.1003805024648535e-6
0.0313742585	1.4304946532043093e-6
0.04078653605	1.859643049165602e-6
0.05302249686500001	2.417535963915283e-6
0.06892924592450002	3.142796753089868e-6
0.08960801970185003	4.085635779016829e-6
0.11649042561240502	5.311326512721877e-6
0.15143755329612654	6.904724466538441e-6
0.19686881928496452	8.976141806499974e-6
0.2559294650704539	1.1668984348449965e-5
0.33270830459159006	1.5169679652984957e-5
0.43252079596906706	1.9720583548880442e-5
0.5622770347597872	2.5636758613544575e-5
0.7309601451877235	3.3327786197607946e-5
0.9502481887440405	4.332612205689033e-5
1.2353226453672528	5.632395867395745e-5
1.6059194389774285	7.322114627614468e-5
