0.0065	2.6343507747008716e-4
0.00845	3.4246560071111336e-4
0.010985	4.452052809244474e-4
0.0142805	5.787668652017816e-4
0.018564650000000002	7.523969247623161e-4
0.024134045000000003	9.78116002191011e-4
0.0313742585	0.0012715508028483143
0.04078653605	0.0016530160437028085
0.05302249686500001	0.002148920856813651
0.06892924592450002	0.0027935971138577467
0.08960801970185003	0.0036316762480150715
0.11649042561240502	0.004721179122419592
0.15143755329612654	0.00613753285914547
0.19686881928496452	0.007978792716889112
0.2559294650704539	0.010372430531955846
0.33270830459159006	0.0134841596915426
0.43252079596906706	0.01752940759900538
0.5622770347597872	0.022788229878706996
0.7309601451877235	0.029624698842319094
0.9502481887440405	0.038512108495014824
1.2353226453672528	0.05006574104351928
1.6059194389774285	0.06508546335657506
