0.0065	3.3341001992308927e-12
0.00845	4.3343302590001596e-12
0.010985	5.634629336700208e-12
0.0142805	7.325018137710271e-12
0.018564650000000002	9.522523579023353e-12
0.024134045000000003	1.237928065273036e-11
0.0313742585	1.6093064848549467e-11
0.04078653605	2.0920984303114306e-11
0.05302249686500001	2.7197279594048604e-11
0.06892924592450002	3.5356463472263185e-11
0.08960801970185003	4.596340251394215e-11
0.11649042561240502	5.975242326812478e-11
0.15143755329612654	7.767815024856222e-11
0.19686881928496452	1.009815953231309e-10
0.2559294650704539	1.3127607392007016e-10
0.33270830459159006	1.7065889609609124e-10
0.43252079596906706	2.2185656492491857e-10
0.5622770347597872	2.8841353440239413e-10
0.7309601451877235	3.7493759472311244e-10
0.9502481887440405	4.874188731400461e-10
1.2353226453672528	6.336445350820602e-10
1.6059194389774285	8.237378956066781e-10
