0.0065	1.5806104648205604e-6
0.00845	2.0547936042667284e-6
0.010985	2.6712316855467475e-6
0.0142805	3.4726011912107712e-6
0.018564650000000002	4.514381548574004e-6
0.024134045000000003	5.868696013146205e-6
0.0313742585	7.629304817090066e-6
0.04078653605	9.918096262217085e-6
0.05302249686500001	1.2893525140882212e-5
0.06892924592450002	1.6761582683146878e-5
0.08960801970185003	2.179005748809094e-5
0.11649042561240502	2.832707473451822e-5
0.15143755329612654	3.682519715487369e-5
0.19686881928496452	4.78727563013358e-5
0.2559294650704539	6.223458319173654e-5
0.33270830459159006	8.090495814925751e-5
0.43252079596906706	1.0517644559403476e-4
0.5622770347597872	1.367293792722452e-4
0.7309601451877235	1.7774819305391878e-4
0.9502481887440405	2.310726509700944e-4
1.2353226453672528	3.003944462611228e-4
1.6059194389774285	3.905127801394595e-4
