0.0065	9.261389442307466e-14
0.00845	1.2039806274999705e-13
0.010985	1.5651748157499619e-13
0.0142805	2.0347272604749502e-13
0.018564650000000002	2.6451454386174355e-13
0.024134045000000003	3.4386890702026666e-13
0.0313742585	4.4702957912634663e-13
0.04078653605	5.811384528642506e-13
0.05302249686500001	7.55479988723526e-13
0.06892924592450002	9.821239853405838e-13
0.08960801970185003	1.276761180942759e-12
0.11649042561240502	1.6597895352255862e-12
0.15143755329612654	2.1577263957932626e-12
0.19686881928496452	2.8050443145312413e-12
0.2559294650704539	3.646557608890614e-12
0.33270830459159006	4.740524891557798e-12
0.43252079596906706	6.162682359025137e-12
0.5622770347597872	8.011487066732678e-12
0.7309601451877235	1.0414933186752485e-11
0.9502481887440405	1.3539413142778228e-11
1.2353226453672528	1.76012370856117e-11
1.6059194389774285	2.2881608211295207e-11
