0.0065	1.0669120637538857e-5
0.00845	1.3869856828800511e-5
0.010985	1.8030813877440667e-5
0.0142805	2.3440058040672867e-5
0.018564650000000002	3.0472075452874735e-5
0.024134045000000003	3.9613698088737155e-5
0.0313742585	5.14978075153583e-5
0.04078653605	6.694714976996578e-5
0.05302249686500001	8.703129470095553e-5
0.06892924592450002	1.1314068311124219e-4
0.08960801970185003	1.4708288804461488e-4
0.11649042561240502	1.9120775445799932e-4
0.15143755329612654	2.485700807953991e-4
0.19686881928496452	3.2314110503401885e-4
0.2559294650704539	4.2008343654422457e-4
0.33270830459159006	5.461084675074919e-4
0.43252079596906706	7.099410077597394e-4
0.5622770347597872	9.229233100876614e-4
0.7309601451877235	0.00119980030311396
0.9502481887440405	0.0015597403940481476
1.2353226453672528	0.0020276625122625925
1.6059194389774285	0.00263596126594137
