0.0065	2.52897674371276e-7
0.00845	3.2876697668265883e-7
0.010985	4.2739706968745653e-7
0.0142805	5.556161905936934e-7
0.018564650000000002	7.223010477718016e-7
0.024134045000000003	9.389913621033421e-7
0.0313742585	1.2206887707343447e-6
0.04078653605	1.5868954019546482e-6
0.05302249686500001	2.062964022541043e-6
0.06892924592450002	2.6818532293033557e-6
0.08960801970185003	3.4864091980943628e-6
0.11649042561240502	4.532331957522671e-6
0.15143755329612654	5.892031544779473e-6
0.19686881928496452	7.659641008213315e-6
0.2559294650704539	9.95753331067731e-6
0.33270830459159006	1.2944793303880503e-5
0.43252079596906706	1.6828231295044653e-5
0.5622770347597872	2.187670068355805e-5
0.7309601451877235	2.8439710888625472e-5
0.9502481887440405	3.697162415521311e-5
1.2353226453672528	4.8063111401777055e-5
1.6059194389774285	6.248204482231016e-5
