0.0065	2.4697038512821257e-8
0.00845	3.210615006666763e-8
0.010985	4.173799508666793e-8
0.0142805	5.42593936126683e-8
0.018564650000000002	7.053721169646881e-8
0.024134045000000003	9.169837520540945e-8
0.0313742585	1.1920788776703228e-7
0.04078653605	1.5497025409714196e-7
0.05302249686500001	2.0146133032628457e-7
0.06892924592450002	2.6189972942416997e-7
0.08960801970185003	3.4046964825142095e-7
0.11649042561240502	4.426105427268472e-7
0.15143755329612654	5.753937055449014e-7
0.19686881928496452	7.480118172083719e-7
0.2559294650704539	9.724153623708834e-7
0.33270830459159006	1.2641399710821486e-6
0.43252079596906706	1.643381962406793e-6
0.5622770347597872	2.136396551128831e-6
0.7309601451877235	2.777315516467481e-6
0.9502481887440405	3.610510171407725e-6
1.2353226453672528	4.693663222830043e-6
1.6059194389774285	6.101762189679055e-6
