0.0065	9.483662788922845e-11
0.00845	1.2328761625599698e-10
0.010985	1.602739011327961e-10
0.0142805	2.083560714726349e-10
0.018564650000000002	2.708628929144254e-10
0.024134045000000003	3.5212176078875306e-10
0.0313742585	4.5775828902537895e-10
0.04078653605	5.950857757329926e-10
0.05302249686500001	7.736115084528906e-10
0.06892924592450002	1.0056949609887578e-9
0.08960801970185003	1.3074034492853851e-9
0.11649042561240502	1.6996244840710003e-9
0.15143755329612654	2.209511829292301e-9
0.19686881928496452	2.872365378079991e-9
0.2559294650704539	3.734074991503989e-9
0.33270830459159006	4.8542974889551855e-9
0.43252079596906706	6.31058673564174e-9
0.5622770347597872	8.203762756334263e-9
0.7309601451877235	1.0664891583234545e-8
0.9502481887440405	1.3864359058204906e-8
1.2353226453672528	1.802366677566638e-8
1.6059194389774285	2.343076680836629e-8
