0.0065	1.9757630810257005e-4
0.00845	2.5684920053334104e-4
0.010985	3.339039606933434e-4
0.0142805	4.3407514890134635e-4
0.018564650000000002	5.642976935717503e-4
0.024134045000000003	7.335870016432755e-4
0.0313742585	9.536631021362581e-4
0.04078653605	0.0012397620327771353
0.05302249686500001	0.0016116906426102764
0.06892924592450002	0.0020951978353933596
0.08960801970185003	0.0027237571860113676
0.11649042561240502	0.0035408843418147772
0.15143755329612654	0.004603149644359211
0.19686881928496452	0.005984094537666974
0.2559294650704539	0.0077793228989670666
0.33270830459159006	0.010113119768657189
0.43252079596906706	0.013147055699254341
0.5622770347597872	0.017091172409030644
0.7309601451877235	0.02221852413173984
0.9502481887440405	0.028884081371261795
1.2353226453672528	0.03754930578264034
1.6059194389774285	0.04881409751743244
