0.0065	7.409111553845973e-6
0.00845	9.631845019999765e-6
0.010985	1.2521398525999694e-5
0.0142805	1.6277818083799603e-5
0.018564650000000002	2.1161163508939484e-5
0.024134045000000003	2.750951256162133e-5
0.0313742585	3.5762366330107735e-5
0.04078653605	4.6491076229140045e-5
0.05302249686500001	6.0438399097882075e-5
0.06892924592450002	7.85699188272467e-5
0.08960801970185003	1.0214089447542071e-4
0.11649042561240502	1.3278316281804692e-4
0.15143755329612654	1.72618111663461e-4
0.19686881928496452	2.2440354516249934e-4
0.2559294650704539	2.9172460871124914e-4
0.33270830459159006	3.792419913246239e-4
0.43252079596906706	4.930145887220111e-4
0.5622770347597872	6.409189653386144e-4
0.7309601451877235	8.331946549401987e-4
0.9502481887440405	0.0010831530514222585
1.2353226453672528	0.0014080989668489362
1.6059194389774285	0.001830528656903617
