0.0065	5.2687015494017445e-5
0.00845	6.849312014222268e-5
0.010985	8.904105618488948e-5
0.0142805	1.1575337304035632e-4
0.018564650000000002	1.5047938495246324e-4
0.024134045000000003	1.9562320043820222e-4
0.0313742585	2.5431016056966287e-4
0.04078653605	3.3060320874056173e-4
0.05302249686500001	4.297841713627303e-4
0.06892924592450002	5.587194227715494e-4
0.08960801970185003	7.263352496030143e-4
0.11649042561240502	9.442358244839185e-4
0.15143755329612654	0.0012275065718290942
0.19686881928496452	0.0015957585433778226
0.2559294650704539	0.0020744861063911697
0.33270830459159006	0.0026968319383085205
0.43252079596906706	0.003505881519801076
0.5622770347597872	0.004557645975741399
0.7309601451877235	0.00592493976846382
0.9502481887440405	0.007702421699002966
1.2353226453672528	0.010013148208703856
1.6059194389774285	0.013017092671315013
