0.0065	3.16122092964095e-5
0.00845	4.109587208533235e-5
0.010985	5.342463371093206e-5
0.0142805	6.945202382421167e-5
0.018564650000000002	9.02876309714752e-5
0.024134045000000003	1.1737392026291777e-4
0.0313742585	1.5258609634179307e-4
0.04078653605	1.9836192524433097e-4
0.05302249686500001	2.5787050281763036e-4
0.06892924592450002	3.3523165366291944e-4
0.08960801970185003	4.3580114976179534e-4
0.11649042561240502	5.665414946903338e-4
0.15143755329612654	7.36503943097434e-4
0.19686881928496452	9.574551260266642e-4
0.2559294650704539	0.0012446916638346635
0.33270830459159006	0.001618099162985063
0.43252079596906706	0.0021035289118805814
0.5622770347597872	0.0027345875854447557
0.7309601451877235	0.003554963861078183
0.9502481887440405	0.004621453019401638
1.2353226453672528	0.006007888925222131
1.6059194389774285	0.00781025560278877
