0.0065	5.90094573533014e-13
0.00845	7.671229455929183e-13
0.010985	9.972598292707937e-13
0.0142805	1.296437778052032e-12
0.018564650000000002	1.6853691114676416e-12
0.024134045000000003	2.1909798449079342e-12
0.0313742585	2.848273798380314e-12
0.04078653605	3.702755937894408e-12
0.05302249686500001	4.813582719262732e-12
0.06892924592450002	6.257657535041552e-12
0.08960801970185003	8.134954795554018e-12
0.11649042561240502	1.0575441234220222e-11
0.15143755329612654	1.3748073604486289e-11
0.19686881928496452	1.7872495685832178e-11
0.2559294650704539	2.323424439158183e-11
0.33270830459159006	3.0204517709056384e-11
0.43252079596906706	3.926587302177329e-11
0.5622770347597872	5.104563492830528e-11
0.7309601451877235	6.635932540679687e-11
0.9502481887440405	8.626712302883595e-11
1.2353226453672528	1.1214725993748673e-10
1.6059194389774285	1.4579143791873275e-10
