0.0065	3.6016514497864627e-17
0.00845	4.6821468847224015e-17
0.010985	6.086790950139122e-17
0.0142805	7.912828235180859e-17
0.018564650000000002	1.0286676705735117e-16
0.024134045000000003	1.3372679717455653e-16
0.0313742585	1.7384483632692345e-16
0.04078653605	2.259982872250005e-16
0.05302249686500001	2.9379777339250073e-16
0.06892924592450002	3.81937105410251e-16
0.08960801970185003	4.965182370333263e-16
0.11649042561240502	6.454737081433241e-16
0.15143755329612654	8.391158205863213e-16
0.19686881928496452	1.0908505667622179e-15
0.2559294650704539	1.4181057367908831e-15
0.33270830459159006	1.8435374578281484e-15
0.43252079596906706	2.3965986951765926e-15
0.5622770347597872	3.1155783037295702e-15
0.7309601451877235	4.050251794848442e-15
0.9502481887440405	5.265327333302975e-15
1.2353226453672528	6.844925533293868e-15
1.6059194389774285	8.898403193282028e-15
