0.0065	1.3171753873504361e-5
0.00845	1.712328003555567e-5
0.010985	2.226026404622237e-5
0.0142805	2.893834326008908e-5
0.018564650000000002	3.761984623811581e-5
0.024134045000000003	4.8905800109550554e-5
0.0313742585	6.357754014241572e-5
0.04078653605	8.265080218514043e-5
0.05302249686500001	1.0744604284068258e-4
0.06892924592450002	1.3967985569288734e-4
0.08960801970185003	1.8158381240075358e-4
0.11649042561240502	2.3605895612097963e-4
0.15143755329612654	3.0687664295727356e-4
0.19686881928496452	3.9893963584445566e-4
0.2559294650704539	5.186215265977924e-4
0.33270830459159006	6.742079845771301e-4
0.43252079596906706	8.76470379950269e-4
0.5622770347597872	0.0011394114939353498
0.7309601451877235	0.001481234942115955
0.9502481887440405	0.0019256054247507415
1.2353226453672528	0.002503287052175964
1.6059194389774285	0.0032542731678287533
