0.0065	3.414118604012434e-9
0.00845	4.438354185216163e-9
0.010985	5.769860440781013e-9
0.0142805	7.500818573015318e-9
0.018564650000000002	9.751064144919914e-9
0.024134045000000003	1.2676383388395889e-8
0.0313742585	1.6479298404914655e-8
0.04078653605	2.142308792638905e-8
0.05302249686500001	2.785001430430577e-8
0.06892924592450002	3.62050185955975e-8
0.08960801970185003	4.706652417427676e-8
0.11649042561240502	6.118648142655977e-8
0.15143755329612654	7.954242585452771e-8
0.19686881928496452	1.0340515361088604e-7
0.2559294650704539	1.3442669969415185e-7
0.33270830459159006	1.7475470960239743e-7
0.43252079596906706	2.2718112248311662e-7
0.5622770347597872	2.953354592280516e-7
0.7309601451877235	3.8393609699646714e-7
0.9502481887440405	4.991169260954073e-7
1.2353226453672528	6.488520039240296e-7
1.6059194389774285	8.435076051012383e-7
