0.0065	0.004714551341723582
0.00845	0.004995742835459933
0.010985	0.00559798133923254
0.0142805	0.007278718131958917
0.018564650000000002	0.007239350422268491
0.024134045000000003	0.008792295245194178
0.0313742585	0.010055931019783871
0.04078653605	0.011372425254445344
0.05302249686500001	0.012679097145116183
0.06892924592450002	0.014189813331387146
0.08960801970185003	0.01632242452787669
0.11649042561240502	0.019555359649842122
0.15143755329612654	0.025893935807576183
0.19686881928496452	0.026003827611904406
0.2559294650704539	0.03103635532877757
0.33270830459159006	0.033295474313395496
0.43252079596906706	0.03489648379297216
0.5622770347597872	0.037849266026120085
0.7309601451877235	0.03691998868983346
0.9502481887440405	0.03903182628767697
1.2353226453672528	0.04051597495792092
1.6059194389774285	0.041890713785259125
