0.002	0.051059827464225487
0.0023	0.05280967628482509
0.0026449999999999998	0.05482723846077957
0.0030417499999999997	0.06059032246152492
0.003498012499999999	0.06171580983099042
0.004022714374999999	0.06420965341365528
0.004626121531249998	0.06655902363547751
0.005320039760937497	0.07258702372175864
0.006118045725078122	0.07613417558837529
0.0070357525838398395	0.078278520574734
0.008091115471415814	0.08022274939458882
0.009304782792128185	0.08109694681953414
0.010700500210947412	0.0830621199980062
0.012305575242589522	0.08250906915095256
0.014151411528977951	0.08290677537953675
0.016274123258324644	0.08300874356704405
0.018715241747073334	0.08559661715722332
0.021522528009134335	0.08041271811755632
0.024750907210504488	0.08451066927659451
0.028463543292080153	0.08072434326991748
0.03273307478589218	0.08293979074336037
0.037643036003776	0.08309691430713483
0.0432894914043424	0.08280212595801743
0.04978291511499375	0.08244754162684446
0.05725035238224281	0.08321179981877225
0.06583790523957923	0.08525117182150456
