0.0065	0.006204441773560839
0.00845	0.007628573104966762
0.010985	0.008747974031568467
0.0142805	0.00927336444311193
0.018564650000000002	0.010258122913500766
0.024134045000000003	0.01109544431552446
0.0313742585	0.012607188413268088
0.04078653605	0.01314909301150975
0.05302249686500001	0.015160699360440243
0.06892924592450002	0.01505517637287254
0.08960801970185003	0.01667643670460948
0.11649042561240502	0.016938442529766142
0.15143755329612654	0.01664264100623106
0.19686881928496452	0.017755668881834528
0.2559294650704539	0.017199960443088438
0.33270830459159006	0.018338855379027918
0.43252079596906706	0.017431372741036948
0.5622770347597872	0.018349218410423924
0.7309601451877235	0.017710365341377505
0.9502481887440405	0.017778638792827938
1.2353226453672528	0.018383152033416835
1.6059194389774285	0.017716082094726623
