0.0065	1.6953620587708168e-6
0.00845	2.283945399265749e-6
0.010985	2.8750134141080303e-6
0.0142805	3.8975090229485594e-6
0.018564650000000002	4.992594083903342e-6
0.024134045000000003	1.6892606725289313e-5
0.0313742585	9.99152006952526e-5
0.04078653605	5.887329270757648e-4
0.05302249686500001	0.0015886025957996173
0.06892924592450002	0.004775281305069095
0.08960801970185003	0.00855810934251203
0.11649042561240502	0.01010227494587649
0.15143755329612654	0.010225133236320127
0.19686881928496452	0.009319172908795229
0.2559294650704539	0.008563595515913262
0.33270830459159006	0.008528815337341922
0.43252079596906706	0.008052444127822809
0.5622770347597872	0.008150860401542295
0.7309601451877235	0.007472797927063887
0.9502481887440405	0.007706744939252621
1.2353226453672528	0.007814561312170488
1.6059194389774285	0.007761194504067026
