0.0065	2.42536066579023e-8
0.00845	3.5211051696565707e-8
0.010985	4.6230270050782866e-8
0.0142805	5.431604449223033e-8
0.018564650000000002	7.527968872603146e-8
0.024134045000000003	1.6423239873476766e-5
0.0313742585	1.741032955373507e-4
0.04078653605	0.001355965310335501
0.05302249686500001	0.004141923849759714
0.06892924592450002	0.0063743379587840165
0.08960801970185003	0.006344318549163993
0.11649042561240502	0.004880037057993771
0.15143755329612654	0.0038284756037085554
0.19686881928496452	0.0036877262194172943
0.2559294650704539	0.003650126906127407
0.33270830459159006	0.003435392180536688
0.43252079596906706	0.003460357841346857
0.5622770347597872	0.0034401897107325485
0.7309601451877235	0.0034186785858656226
0.9502481887440405	0.003361680287261347
1.2353226453672528	0.0033991730272715844
1.6059194389774285	0.0034549822673580256
