0.0065	0.009728986960057927
0.00845	0.012742064125332986
0.010985	0.013297600667066489
0.0142805	0.015902410061372833
0.018564650000000002	0.017490658597843
0.024134045000000003	0.02132833326716694
0.0313742585	0.023943234919134377
0.04078653605	0.026832575813148716
0.05302249686500001	0.027182202511738987
0.06892924592450002	0.035257211675624615
0.08960801970185003	0.04014841896120171
0.11649042561240502	0.04364918031117642
0.15143755329612654	0.04483049105989549
0.19686881928496452	0.049290009552897474
0.2559294650704539	0.04856722648530614
0.33270830459159006	0.04830293288166157
0.43252079596906706	0.04892787214655658
0.5622770347597872	0.045589126667881515
0.7309601451877235	0.04587073042352147
0.9502481887440405	0.042615134878600955
1.2353226453672528	0.041901409554344085
1.6059194389774285	0.0430858948557124
