0.0065	0.008028248041396393
0.00845	0.009025297489241113
0.010985	0.010656434462988635
0.0142805	0.010846605083933562
0.018564650000000002	0.011425017606666872
0.024134045000000003	0.012747307035905946
0.0313742585	0.014284784975727056
0.04078653605	0.015469391749166683
0.05302249686500001	0.015919039425049582
0.06892924592450002	0.017010041938045745
0.08960801970185003	0.01742313660357887
0.11649042561240502	0.01766773545613155
0.15143755329612654	0.017447876853419395
0.19686881928496452	0.01804274701404923
0.2559294650704539	0.017697580969556533
0.33270830459159006	0.01877608193938591
0.43252079596906706	0.01752032558953095
0.5622770347597872	0.018208854766394708
0.7309601451877235	0.017487150073276034
0.9502481887440405	0.018189698676621364
1.2353226453672528	0.01710159783853589
1.6059194389774285	0.018313786899805243
