0.0065	0.006420189672970805
0.00845	0.006639119528431548
0.010985	0.006877257616960874
0.0142805	0.008259382685923628
0.018564650000000002	0.010201031528624387
0.024134045000000003	0.011365080172261864
0.0313742585	0.011799090297818468
0.04078653605	0.013802991908948892
0.05302249686500001	0.015598584827261095
0.06892924592450002	0.017817815715819477
0.08960801970185003	0.01859385725452745
0.11649042561240502	0.020389920450201757
0.15143755329612654	0.023410775790589564
0.19686881928496452	0.02495737081613523
0.2559294650704539	0.024163110812541883
0.33270830459159006	0.025244794452008786
0.43252079596906706	0.02486917936690256
0.5622770347597872	0.025927549294948997
0.7309601451877235	0.025796039958829464
0.9502481887440405	0.025867142395044635
1.2353226453672528	0.026244068035853857
1.6059194389774285	0.026787693568641812
