0.0065	0.0250850432049941
0.00845	0.028207367663546253
0.010985	0.029168055095136744
0.0142805	0.032712890985850604
0.018564650000000002	0.04129763526044667
0.024134045000000003	0.04083871627588916
0.0313742585	0.045374503598979696
0.04078653605	0.05073503934414113
0.05302249686500001	0.0567673154476497
0.06892924592450002	0.061352975631686554
0.08960801970185003	0.06526083268918752
0.11649042561240502	0.07041350407520754
0.15143755329612654	0.07690224233832
0.19686881928496452	0.07869125013568472
0.2559294650704539	0.08141607469897442
0.33270830459159006	0.08086191148811592
0.43252079596906706	0.07932043569008909
0.5622770347597872	0.08471401164415147
0.7309601451877235	0.08345074002594446
0.9502481887440405	0.08255788514672445
1.2353226453672528	0.08224700545239115
1.6059194389774285	0.08067333627547761
