0.0065	0.004253165636282171
0.00845	0.004460912556069064
0.010985	0.005641283098533127
0.0142805	0.0047371638029285335
0.018564650000000002	0.0056766474650611675
0.024134045000000003	0.007346682783966784
0.0313742585	0.009328029107708764
0.04078653605	0.009760905314462902
0.05302249686500001	0.011493122103708626
0.06892924592450002	0.014354185966438733
0.08960801970185003	0.01511675112913776
0.11649042561240502	0.01932332216726307
0.15143755329612654	0.02466884856124396
0.19686881928496452	0.025238208307094473
0.2559294650704539	0.028493619929448565
0.33270830459159006	0.030966213963416835
0.43252079596906706	0.03523027751920992
0.5622770347597872	0.03802694619885933
0.7309601451877235	0.03875759834234169
0.9502481887440405	0.040352351845804206
1.2353226453672528	0.039251307080957795
1.6059194389774285	0.04287033010433823
