0.0065	0.005913665588620441
0.00845	0.006574507570844935
0.010985	0.006680453117796344
0.0142805	0.008031404369946704
0.018564650000000002	0.008690604711964877
0.024134045000000003	0.009361454814301664
0.0313742585	0.011209254761986413
0.04078653605	0.012830753309072362
0.05302249686500001	0.012975735248620923
0.06892924592450002	0.014389427198710185
0.08960801970185003	0.01613273061786131
0.11649042561240502	0.01689916657187319
0.15143755329612654	0.016475974148097147
0.19686881928496452	0.017677477590811334
0.2559294650704539	0.017074656937623996
0.33270830459159006	0.017409608517878813
0.43252079596906706	0.018052126674795065
0.5622770347597872	0.0174290898012791
0.7309601451877235	0.017693218085385466
0.9502481887440405	0.0180835981246802
1.2353226453672528	0.017884283086272944
1.6059194389774285	0.019275630789845892
