0.0065	3.2796801679597233e-12
0.00845	4.648795582110962e-12
0.010985	6.161136920618086e-12
0.0142805	7.2444045497511765e-12
0.018564650000000002	9.930163484488661e-12
0.024134045000000003	4.4490579333158375e-6
0.0313742585	5.16823765690336e-5
0.04078653605	2.3386555395131482e-4
0.05302249686500001	7.568647033760316e-4
0.06892924592450002	0.0014145119451142703
0.08960801970185003	0.0013767954902795412
0.11649042561240502	0.0010786484839409376
0.15143755329612654	8.205493147019153e-4
0.19686881928496452	5.458708513058692e-4
0.2559294650704539	3.8358047945608037e-4
0.33270830459159006	2.7629467663161267e-4
0.43252079596906706	2.1544587418985666e-4
0.5622770347597872	1.8747524181434707e-4
0.7309601451877235	1.6078793847645593e-4
0.9502481887440405	1.5803877152190086e-4
1.2353226453672528	1.5644031128207264e-4
1.6059194389774285	1.5683804175742254e-4
