0.0065	3.5002373634207295e-9
0.00845	4.73291243198167e-9
0.010985	5.9497491609438326e-9
0.0142805	8.054796877248342e-9
0.018564650000000002	1.014337145476206e-8
0.024134045000000003	9.582697738415937e-7
0.0313742585	2.5562761790887828e-5
0.04078653605	7.008680153352055e-5
0.05302249686500001	2.3519977203264597e-4
0.06892924592450002	6.229388480217679e-4
0.08960801970185003	0.0010334966853536524
0.11649042561240502	0.0012233396444376486
0.15143755329612654	0.0013590996806300405
0.19686881928496452	0.0012438085743361393
0.2559294650704539	0.001043146291970638
0.33270830459159006	8.303455028958217e-4
0.43252079596906706	8.258478115059785e-4
0.5622770347597872	7.19652132768587e-4
0.7309601451877235	7.019818725132346e-4
0.9502481887440405	5.937775495830998e-4
1.2353226453672528	6.363558788055143e-4
1.6059194389774285	6.29685056212634e-4
