0.0065	0.0364306144361984
0.00845	0.041251239709610005
0.010985	0.04561043477237708
0.0142805	0.05041692632871944
0.018564650000000002	0.051524907630314996
0.024134045000000003	0.057338550927964534
0.0313742585	0.061861447652867954
0.04078653605	0.06783818296592785
0.05302249686500001	0.07266386325494156
0.06892924592450002	0.07695381082371655
0.08960801970185003	0.07969287707932667
0.11649042561240502	0.0817509562282501
0.15143755329612654	0.08301457775048651
0.19686881928496452	0.0853144036530469
0.2559294650704539	0.084396567187997
0.33270830459159006	0.08499986548770286
0.43252079596906706	0.08159917314368546
0.5622770347597872	0.08457093229157657
0.7309601451877235	0.08320729433488161
0.9502481887440405	0.08179004057825276
1.2353226453672528	0.08364621193484945
1.6059194389774285	0.08599342293691545
