0.0065	0.009539492987832514
0.00845	0.010238966063787712
0.010985	0.011755156418640385
0.0142805	0.01314551137359027
0.018564650000000002	0.013890448143107463
0.024134045000000003	0.01562631003396804
0.0313742585	0.01730407855607237
0.04078653605	0.01707962797423996
0.05302249686500001	0.01825132830104044
0.06892924592450002	0.018386524914363014
0.08960801970185003	0.01873834287509604
0.11649042561240502	0.0188750488882388
0.15143755329612654	0.0178702045871607
0.19686881928496452	0.01805481961392406
0.2559294650704539	0.017242253449891873
0.33270830459159006	0.018562983594626596
0.43252079596906706	0.01651591211246351
0.5622770347597872	0.01829089716952588
0.7309601451877235	0.018352585711624483
0.9502481887440405	0.017892458800681136
1.2353226453672528	0.017281503913955706
1.6059194389774285	0.017855223775849915
