0.002	0.023704496646306555
0.0023	0.024199807376716898
0.0026449999999999998	0.025392481902728088
0.0030417499999999997	0.026426125586786624
0.003498012499999999	0.028804384051345003
0.004022714374999999	0.029751881522224907
0.004626121531249998	0.029683742981564964
0.005320039760937497	0.0331466990543539
0.006118045725078122	0.03394498565689569
0.0070357525838398395	0.03422892660092337
0.008091115471415814	0.03809262247330608
0.009304782792128185	0.036270907829726355
0.010700500210947412	0.03805915979192311
0.012305575242589522	0.036458821981201546
0.014151411528977951	0.03825932054068644
0.016274123258324644	0.03979972242273326
0.018715241747073334	0.04087016002961321
0.021522528009134335	0.038434194404870746
0.024750907210504488	0.038578839261221604
0.028463543292080153	0.038998118643852615
0.03273307478589218	0.04046968194867905
0.037643036003776	0.04132188792047235
0.0432894914043424	0.042324631444139824
0.04978291511499375	0.04047654247312149
0.05725035238224281	0.04122939295107377
0.06583790523957923	0.04175978792930868
