0.002	0.05649203619042545
0.0023	0.05916245266442432
0.0026449999999999998	0.06111606964494727
0.0030417499999999997	0.06743233954901354
0.003498012499999999	0.06795037968450109
0.004022714374999999	0.07073253089362246
0.004626121531249998	0.07344314472008269
0.005320039760937497	0.07605427814226969
0.006118045725078122	0.07772265586024822
0.0070357525838398395	0.08073187310212109
0.008091115471415814	0.08066861962111484
0.009304782792128185	0.0825298807580833
0.010700500210947412	0.0832634598457883
0.012305575242589522	0.08361363182238898
0.014151411528977951	0.08648211501058552
0.016274123258324644	0.08079638088472385
0.018715241747073334	0.08184467000819425
0.021522528009134335	0.08258420398459781
0.024750907210504488	0.08251101947329761
0.028463543292080153	0.08412349872128065
0.03273307478589218	0.082685097502587
0.037643036003776	0.08288508448322236
0.0432894914043424	0.0823541155021566
0.04978291511499375	0.08381377300267193
0.05725035238224281	0.08449773746337069
0.06583790523957923	0.08416702003859951
