0.002	0.040049203077060024
0.0023	0.04132276869535754
0.0026449999999999998	0.04572193057642614
0.0030417499999999997	0.048193238878637884
0.003498012499999999	0.04948041901646051
0.004022714374999999	0.05341902627931558
0.004626121531249998	0.05577270914946542
0.005320039760937497	0.05952441964824632
0.006118045725078122	0.061186376265034224
0.0070357525838398395	0.0646345215688378
0.008091115471415814	0.06708815337035651
0.009304782792128185	0.0709239922459979
0.010700500210947412	0.0740047452489101
0.012305575242589522	0.0759784574326755
0.014151411528977951	0.07785704629772891
0.016274123258324644	0.08028073961350807
0.018715241747073334	0.07768849994518914
0.021522528009134335	0.08128889622147789
0.024750907210504488	0.08523603116518955
0.028463543292080153	0.08005315811816283
0.03273307478589218	0.08138345746118268
0.037643036003776	0.08227961513131596
0.0432894914043424	0.08372998000423613
0.04978291511499375	0.08193366455733335
0.05725035238224281	0.0824462126542411
0.06583790523957923	0.08262902507255596
