0.0065	0.01330156729718735
0.00845	0.01509582100719822
0.010985	0.016198745928429844
0.0142805	0.018129385781783944
0.018564650000000002	0.021941470302255264
0.024134045000000003	0.024796096191865808
0.0313742585	0.027113340018214943
0.04078653605	0.032195961300457966
0.05302249686500001	0.03436519864875338
0.06892924592450002	0.04070511785074047
0.08960801970185003	0.04803163461100163
0.11649042561240502	0.050467922738658175
0.15143755329612654	0.054257039438921406
0.19686881928496452	0.055058592999588214
0.2559294650704539	0.05573053171756845
0.33270830459159006	0.05000321372845004
0.43252079596906706	0.04827272035194664
0.5622770347597872	0.046717746459273755
0.7309601451877235	0.044549434577262216
0.9502481887440405	0.041483368957467646
1.2353226453672528	0.042934641990110385
1.6059194389774285	0.04194818465288874
