0.0065	5.845190219145491e-13
0.00845	7.933488097838413e-13
0.010985	9.94439244964141e-13
0.0142805	1.340742684528309e-12
0.018564650000000002	1.669698400862135e-12
0.024134045000000003	1.2971388470257572e-5
0.0313742585	1.2332158730683223e-4
0.04078653605	6.867451395935902e-4
0.05302249686500001	0.0024171166031275323
0.06892924592450002	0.006082424550046955
0.08960801970185003	0.011122871692654832
0.11649042561240502	0.015935500087734335
0.15143755329612654	0.018462485744956743
0.19686881928496452	0.020375310643644503
0.2559294650704539	0.020663383186276522
0.33270830459159006	0.020548106185269536
0.43252079596906706	0.02078302988102958
0.5622770347597872	0.020484210953239993
0.7309601451877235	0.0214194559846892
0.9502481887440405	0.02120694641209307
1.2353226453672528	0.021230818116407826
1.6059194389774285	0.021111097984068784
