0.0065	6.0398866855865586e-5
0.00845	8.293914958173362e-5
0.010985	1.037394898713457e-4
0.0142805	1.362259354964955e-4
0.018564650000000002	1.7370240197387346e-4
0.024134045000000003	3.5109129379246544e-4
0.0313742585	9.49460648958998e-4
0.04078653605	0.0036304740677676898
0.05302249686500001	0.012018291620481687
0.06892924592450002	0.02908646210167745
0.08960801970185003	0.05351279788261253
0.11649042561240502	0.07203535469209772
0.15143755329612654	0.08095461882675237
0.19686881928496452	0.08381814960878654
0.2559294650704539	0.08662304043625083
0.33270830459159006	0.08588018944367254
0.43252079596906706	0.0888461440318072
0.5622770347597872	0.08570144556404452
0.7309601451877235	0.08525876620197374
0.9502481887440405	0.08210580846717568
1.2353226453672528	0.08551475806018587
1.6059194389774285	0.08685675895182614
