0.002	0.03477454246238889
0.0023	0.03435920283375077
0.0026449999999999998	0.03826847059298659
0.0030417499999999997	0.03887796511442333
0.003498012499999999	0.04032929615691518
0.004022714374999999	0.04385429117719691
0.004626121531249998	0.04656708036900776
0.005320039760937497	0.04759625580320297
0.006118045725078122	0.04948794769355314
0.0070357525838398395	0.051735977462082625
0.008091115471415814	0.05113855175854068
0.009304782792128185	0.04986947619586752
0.010700500210947412	0.048069045991040206
0.012305575242589522	0.046202242929555645
0.014151411528977951	0.04420245452716831
0.016274123258324644	0.04175393253013733
0.018715241747073334	0.04240391088194964
0.021522528009134335	0.040235446122917566
0.024750907210504488	0.04238744984680528
0.028463543292080153	0.04218429010340299
0.03273307478589218	0.04014488646228299
0.037643036003776	0.03983824089212533
0.0432894914043424	0.040192168529944665
0.04978291511499375	0.04094984105331655
0.05725035238224281	0.041526226647804976
0.06583790523957923	0.04203391891562675
