0.0065	0.015954288489141995
0.00845	0.017363757983187168
0.010985	0.018369567943708864
0.0142805	0.020189730519751307
0.018564650000000002	0.02042566416997725
0.024134045000000003	0.02496911009609212
0.0313742585	0.029539938861517113
0.04078653605	0.03242105923404894
0.05302249686500001	0.036831772098350875
0.06892924592450002	0.042046677467281156
0.08960801970185003	0.045358760617290515
0.11649042561240502	0.05493591437408969
0.15143755329612654	0.059056016476151156
0.19686881928496452	0.06390953738578922
0.2559294650704539	0.0690349841703765
0.33270830459159006	0.07117190476454813
0.43252079596906706	0.0788204421762266
0.5622770347597872	0.0820178520302832
0.7309601451877235	0.08156214260354512
0.9502481887440405	0.08424945782651998
1.2353226453672528	0.08146630138273415
1.6059194389774285	0.08381287842959682
