0.0065	0.0077495490059958224
0.00845	0.008685901965948355
0.010985	0.010011488461452984
0.0142805	0.010940980710653
0.018564650000000002	0.011624969970888218
0.024134045000000003	0.013539632710635567
0.0313742585	0.014222170874619987
0.04078653605	0.01556232450977859
0.05302249686500001	0.016253608003730366
0.06892924592450002	0.01642001992504259
0.08960801970185003	0.017648202281739144
0.11649042561240502	0.01738069586215169
0.15143755329612654	0.01763370498975239
0.19686881928496452	0.017040100061325048
0.2559294650704539	0.017892567957553326
0.33270830459159006	0.0184490816460107
0.43252079596906706	0.01766609834269637
0.5622770347597872	0.017059219624906426
0.7309601451877235	0.01783152363344069
0.9502481887440405	0.0176270426212329
1.2353226453672528	0.017768255952150404
1.6059194389774285	0.017309202091387234
