0.0065	0.04257843227065821
0.00845	0.04766408340425061
0.010985	0.051882977665157405
0.0142805	0.05931693646027381
0.018564650000000002	0.061976822470301424
0.024134045000000003	0.06963151343326299
0.0313742585	0.07359190952759272
0.04078653605	0.07617734500312169
0.05302249686500001	0.078958122821643
0.06892924592450002	0.0810915724182694
0.08960801970185003	0.08363378604667533
0.11649042561240502	0.0810699820426397
0.15143755329612654	0.0831228370022251
0.19686881928496452	0.07807824074537455
0.2559294650704539	0.08392671545534856
0.33270830459159006	0.08144794968306591
0.43252079596906706	0.0846155381238047
0.5622770347597872	0.0826846849322665
0.7309601451877235	0.0811423572632885
0.9502481887440405	0.08320128458577751
1.2353226453672528	0.08379861873789514
1.6059194389774285	0.08461483997576336
