0.0065	1.2932577981311679e-5
0.00845	1.8617688203848853e-5
0.010985	2.490005033205031e-5
0.0142805	3.0119003997542878e-5
0.018564650000000002	4.1227086957916606e-5
0.024134045000000003	2.1760657209701062e-4
0.0313742585	0.0019256873603639305
0.04078653605	0.0111233936138816
0.05302249686500001	0.03861774396169678
0.06892924592450002	0.06833384613827696
0.08960801970185003	0.0850936799974207
0.11649042561240502	0.08755527774082383
0.15143755329612654	0.08562163722069871
0.19686881928496452	0.08808482540959786
0.2559294650704539	0.08803512301950057
0.33270830459159006	0.084478687121189
0.43252079596906706	0.08786050951146321
0.5622770347597872	0.08703256827817882
0.7309601451877235	0.0872688383762077
0.9502481887440405	0.08824377889870155
1.2353226453672528	0.08649831291272692
1.6059194389774285	0.08483832286598422
