0.002	0.014871548580564121
0.0023	0.017455155096916856
0.0026449999999999998	0.01619488703447126
0.0030417499999999997	0.02032841929295452
0.003498012499999999	0.019868141667619545
0.004022714374999999	0.023317144800276874
0.004626121531249998	0.023772317870094394
0.005320039760937497	0.02606548895006648
0.006118045725078122	0.02741611120373029
0.0070357525838398395	0.027707166628148407
0.008091115471415814	0.03133970158285438
0.009304782792128185	0.0331276767805631
0.010700500210947412	0.03434851655507929
0.012305575242589522	0.03754331460386891
0.014151411528977951	0.03639703944263611
0.016274123258324644	0.04149837542259224
0.018715241747073334	0.03937808781650974
0.021522528009134335	0.04195363612026945
0.024750907210504488	0.04022598527724707
0.028463543292080153	0.04382905847509818
0.03273307478589218	0.0412438456581205
0.037643036003776	0.04409699179436889
0.0432894914043424	0.04133865210480969
0.04978291511499375	0.043131859145907094
0.05725035238224281	0.04203666362800737
0.06583790523957923	0.04337496174407977
