0.0065	0.008722824176841015
0.00845	0.010369417713086552
0.010985	0.00898809130286118
0.0142805	0.011255111608732911
0.018564650000000002	0.011385145296345553
0.024134045000000003	0.016271028554227455
0.0313742585	0.016288328121254265
0.04078653605	0.019206853542277844
0.05302249686500001	0.02033556130174967
0.06892924592450002	0.022846023113355558
0.08960801970185003	0.025868787129043763
0.11649042561240502	0.030731077966339327
0.15143755329612654	0.03261253284091163
0.19686881928496452	0.03510061910680698
0.2559294650704539	0.03552310197680348
0.33270830459159006	0.038478437580516944
0.43252079596906706	0.0408048342304842
0.5622770347597872	0.04076953278920391
0.7309601451877235	0.042598637466241845
0.9502481887440405	0.04164428370470708
1.2353226453672528	0.042810123015424716
1.6059194389774285	0.041403598048491086
