0.0065	1.3807468281894213e-5
0.00845	2.008666583501848e-5
0.010985	2.6015683526993623e-5
0.0142805	3.173276162505e-5
0.018564650000000002	4.376287358750651e-5
0.024134045000000003	5.403356120361527e-5
0.0313742585	8.17460334149802e-5
0.04078653605	1.4112649312694587e-4
0.05302249686500001	2.4905496507713655e-4
0.06892924592450002	5.969854591502459e-4
0.08960801970185003	0.0011974285480605641
0.11649042561240502	0.0017456764563686402
0.15143755329612654	0.002841764210793583
0.19686881928496452	0.003688844389651505
0.2559294650704539	0.003981506149056554
0.33270830459159006	0.004689816804074062
0.43252079596906706	0.005095556622375361
0.5622770347597872	0.005074439507107458
0.7309601451877235	0.005028334116290943
0.9502481887440405	0.005558221973356119
1.2353226453672528	0.005093071981301425
1.6059194389774285	0.005473994135504951
