0.002	0.029323488676061504
0.0023	0.03162660516044153
0.0026449999999999998	0.031380416187098525
0.0030417499999999997	0.03367082167420171
0.003498012499999999	0.03638096440018005
0.004022714374999999	0.03846426743777631
0.004626121531249998	0.041590410618035104
0.005320039760937497	0.03885374071276102
0.006118045725078122	0.04305594868232431
0.0070357525838398395	0.045712860864590914
0.008091115471415814	0.044939871504746494
0.009304782792128185	0.04535051033207047
0.010700500210947412	0.045039802510075076
0.012305575242589522	0.04469709746497677
0.014151411528977951	0.0444242427710085
0.016274123258324644	0.04481609710469201
0.018715241747073334	0.04155652084198598
0.021522528009134335	0.04168758050622329
0.024750907210504488	0.0384443839143444
0.028463543292080153	0.040635392499151664
0.03273307478589218	0.04106850921631256
0.037643036003776	0.04057709998270617
0.0432894914043424	0.040103152289286854
0.04978291511499375	0.043239718228702005
0.05725035238224281	0.042242210043476565
0.06583790523957923	0.04215153331390156
