0.0065	3.240316757795564e-4
0.00845	4.7217463618943486e-4
0.010985	6.065071618584864e-4
0.0142805	7.53872152439623e-4
0.018564650000000002	0.0010391625516627482
0.024134045000000003	0.0012681872281089714
0.0313742585	0.001758541436282983
0.04078653605	0.002345523488995987
0.05302249686500001	0.0033618243546369216
0.06892924592450002	0.0048816509943501105
0.08960801970185003	0.006387175535497159
0.11649042561240502	0.008310040497593938
0.15143755329612654	0.010330901019957336
0.19686881928496452	0.011849670503194486
0.2559294650704539	0.013703709715721643
0.33270830459159006	0.015057262621204786
0.43252079596906706	0.014906145238332988
0.5622770347597872	0.01593439289766162
0.7309601451877235	0.015798601216444233
0.9502481887440405	0.01514573145538037
1.2353226453672528	0.015990547497938684
1.6059194389774285	0.01689665132875058
