0.0065	0.018141738484212376
0.00845	0.021553386291971253
0.010985	0.02240443952137956
0.0142805	0.02673168288198616
0.018564650000000002	0.030870083714194623
0.024134045000000003	0.03602085973974144
0.0313742585	0.03903836439260424
0.04078653605	0.04279391193666647
0.05302249686500001	0.04908946715112037
0.06892924592450002	0.05164685817091407
0.08960801970185003	0.06333690598552748
0.11649042561240502	0.06479872205255308
0.15143755329612654	0.07302958699157075
0.19686881928496452	0.07969129303962473
0.2559294650704539	0.08100323284333824
0.33270830459159006	0.08196996053051736
0.43252079596906706	0.08466714809551064
0.5622770347597872	0.0855289470923017
0.7309601451877235	0.08294404099192397
0.9502481887440405	0.08418431934279202
1.2353226453672528	0.0823442573418049
1.6059194389774285	0.08329509114711509
