0.0065	0.023383064564051037
0.00845	0.024266803081264207
0.010985	0.026282257343020622
0.0142805	0.031263876750342916
0.018564650000000002	0.035533345472664686
0.024134045000000003	0.03917072121250394
0.0313742585	0.04538764856494947
0.04078653605	0.04843169900310517
0.05302249686500001	0.05254193193955869
0.06892924592450002	0.06070902623517483
0.08960801970185003	0.07128026661363943
0.11649042561240502	0.07322828601979499
0.15143755329612654	0.07791599882501249
0.19686881928496452	0.08233810215565456
0.2559294650704539	0.0835775232169277
0.33270830459159006	0.08243988813571938
0.43252079596906706	0.0848196430044709
0.5622770347597872	0.08504366554259685
0.7309601451877235	0.08201495259051741
0.9502481887440405	0.08111643187340678
1.2353226453672528	0.08167067206074857
1.6059194389774285	0.08144588492923163
