0.0065	5.848384347154362e-4
0.00845	8.409908455098617e-4
0.010985	0.0010722578728200888
0.0142805	0.0013643112610576054
0.018564650000000002	0.0018688340390094597
0.024134045000000003	0.002282327932754575
0.0313742585	0.0030667986052160252
0.04078653605	0.004351404935166609
0.05302249686500001	0.006674919827218425
0.06892924592450002	0.010948642052552004
0.08960801970185003	0.01704118487324243
0.11649042561240502	0.02670256506545208
0.15143755329612654	0.0430558840816185
0.19686881928496452	0.05071388550374837
0.2559294650704539	0.06213027822377587
0.33270830459159006	0.06932171900521485
0.43252079596906706	0.07362367320114187
0.5622770347597872	0.07522019133715598
0.7309601451877235	0.07958987879271008
0.9502481887440405	0.07918900764834567
1.2353226453672528	0.08219376149677857
1.6059194389774285	0.08349330336531509
