0.0065	0.005313531851594984
0.00845	0.005129510369452087
0.010985	0.00539692178556463
0.0142805	0.0074311661619808796
0.018564650000000002	0.0073247543907768616
0.024134045000000003	0.007855523436063227
0.0313742585	0.01082461619682292
0.04078653605	0.011195658920420147
0.05302249686500001	0.013015459646499614
0.06892924592450002	0.013566816380595984
0.08960801970185003	0.015525297004937919
0.11649042561240502	0.018959358037730623
0.15143755329612654	0.022555832609773143
0.19686881928496452	0.02746334509071942
0.2559294650704539	0.02747276788937094
0.33270830459159006	0.03382702087538046
0.43252079596906706	0.03354741897251128
0.5622770347597872	0.03633400548834265
0.7309601451877235	0.03923578667368854
0.9502481887440405	0.040404975307396104
1.2353226453672528	0.03971770594486102
1.6059194389774285	0.04155691938937917
