0.0065	0.005428318418597836
0.00845	0.005314841158583344
0.010985	0.00608769655334302
0.0142805	0.006849632930654059
0.018564650000000002	0.008187318581397221
0.024134045000000003	0.008015491160571903
0.0313742585	0.010176082972095383
0.04078653605	0.010299160463865944
0.05302249686500001	0.01185905969384424
0.06892924592450002	0.0130229978552614
0.08960801970185003	0.013668188562700374
0.11649042561240502	0.014721668082321868
0.15143755329612654	0.016061441069961137
0.19686881928496452	0.015987461787812733
0.2559294650704539	0.016701544350897032
0.33270830459159006	0.017055228795176597
0.43252079596906706	0.017350990590591555
0.5622770347597872	0.017882305443696747
0.7309601451877235	0.016755506385213365
0.9502481887440405	0.01780247856340579
1.2353226453672528	0.017565955897948366
1.6059194389774285	0.017880832859445726
