0.0065	0.008614776774990257
0.00845	0.008634261832944364
0.010985	0.01011917496826467
0.0142805	0.011684436739408366
0.018564650000000002	0.01346075098297926
0.024134045000000003	0.015255942495438555
0.0313742585	0.016976535647859017
0.04078653605	0.01799570387757923
0.05302249686500001	0.020748209631050146
0.06892924592450002	0.02310187401783677
0.08960801970185003	0.024826364744531107
0.11649042561240502	0.025538326292919508
0.15143755329612654	0.026749256492015785
0.19686881928496452	0.025069354061432597
0.2559294650704539	0.025205575179175235
0.33270830459159006	0.026213413155031288
0.43252079596906706	0.02647147541432131
0.5622770347597872	0.025978674729192682
0.7309601451877235	0.02640307687476668
0.9502481887440405	0.0260845374740065
1.2353226453672528	0.026492539267020783
1.6059194389774285	0.024876716059757574
