0.0065	3.5352961631790714e-17
0.00845	4.9178371820194125e-17
0.010985	6.573055563367823e-17
0.0142805	7.781550597327097e-17
0.018564650000000002	1.0583678401041537e-16
0.024134045000000003	5.585094277569649e-5
0.0313742585	4.5941269599355405e-4
0.04078653605	0.0026142039520521405
0.05302249686500001	0.009461088287770618
0.06892924592450002	0.017985146873361006
0.08960801970185003	0.022926783308260038
0.11649042561240502	0.024511704594524127
0.15143755329612654	0.025307413256527196
0.19686881928496452	0.025355958784177044
0.2559294650704539	0.025548977782394202
0.33270830459159006	0.025759404697417845
0.43252079596906706	0.02572178531092658
0.5622770347597872	0.02576304002640061
0.7309601451877235	0.025652287644656158
0.9502481887440405	0.025850161098171745
1.2353226453672528	0.02578711833687098
1.6059194389774285	0.025595738315383122
