0.002	0.01649121891259189
0.0023	0.017384884822510934
0.0026449999999999998	0.018323980484029032
0.0030417499999999997	0.018821914459103462
0.003498012499999999	0.02045712577042207
0.004022714374999999	0.02254166139909231
0.004626121531249998	0.021224180074356003
0.005320039760937497	0.02677173577964595
0.006118045725078122	0.028513066719293958
0.0070357525838398395	0.03161207161290094
0.008091115471415814	0.03210712858923926
0.009304782792128185	0.032831719999435995
0.010700500210947412	0.03660186171032279
0.012305575242589522	0.038664148898271876
0.014151411528977951	0.03929148630755305
0.016274123258324644	0.03994794681121141
0.018715241747073334	0.04236084778220385
0.021522528009134335	0.03940976478170468
0.024750907210504488	0.04463326358978741
0.028463543292080153	0.04308114220446923
0.03273307478589218	0.04488158757347091
0.037643036003776	0.04232970797176609
0.0432894914043424	0.04354562511283906
0.04978291511499375	0.042596111952575656
0.05725035238224281	0.04066072281413121
0.06583790523957923	0.04264403626270903
