0.0065	4.9803933357001176e-8
0.00845	7.241886464377934e-8
0.010985	9.413039875189117e-8
0.0142805	1.1331152223650407e-7
0.018564650000000002	1.5662380617149913e-7
0.024134045000000003	1.9482295222887834e-7
0.0313742585	1.539016867245033e-5
0.04078653605	1.4873764230622556e-4
0.05302249686500001	4.7911055111622035e-4
0.06892924592450002	0.0014066590458251477
0.08960801970185003	0.0028840336739012844
0.11649042561240502	0.005228106951878647
0.15143755329612654	0.008241791730900906
0.19686881928496452	0.010276575252593855
0.2559294650704539	0.01277241517318362
0.33270830459159006	0.014338880474136336
0.43252079596906706	0.014687153558979434
0.5622770347597872	0.01586989220676878
0.7309601451877235	0.016040106940131145
0.9502481887440405	0.016043358883092666
1.2353226453672528	0.01675011229353334
1.6059194389774285	0.016843650025286924
