0.0065	0.010860277112798728
0.00845	0.010539423734264855
0.010985	0.013101512921877933
0.0142805	0.014306541981528087
0.018564650000000002	0.015312869120375466
0.024134045000000003	0.01739789910776492
0.0313742585	0.02007794997805371
0.04078653605	0.020975434151326813
0.05302249686500001	0.024273252537400144
0.06892924592450002	0.02594283163920963
0.08960801970185003	0.025455260140681273
0.11649042561240502	0.025280060850535996
0.15143755329612654	0.026254555412999425
0.19686881928496452	0.02631998187873397
0.2559294650704539	0.026463280265288262
0.33270830459159006	0.026256566914859482
0.43252079596906706	0.02753185076608606
0.5622770347597872	0.025989375005797066
0.7309601451877235	0.025695229112744713
0.9502481887440405	0.027640206488000862
1.2353226453672528	0.026367556906204122
1.6059194389774285	0.025505572646762512
