0.002	0.014859866685596697
0.0023	0.013669559854827712
0.0026449999999999998	0.017582441306491885
0.0030417499999999997	0.016024316715147393
0.003498012499999999	0.019038402688268927
0.004022714374999999	0.02125266837476959
0.004626121531249998	0.02366008419587326
0.005320039760937497	0.023963767973624987
0.006118045725078122	0.026075178741655887
0.0070357525838398395	0.02881172469248999
0.008091115471415814	0.02782937177840812
0.009304782792128185	0.032704809657231236
0.010700500210947412	0.03282582055179367
0.012305575242589522	0.03798264109841724
0.014151411528977951	0.03685380452168204
0.016274123258324644	0.0387759382151563
0.018715241747073334	0.03905107825918428
0.021522528009134335	0.04037973998701358
0.024750907210504488	0.041418194502588684
0.028463543292080153	0.04364243147819568
0.03273307478589218	0.042579266739688586
0.037643036003776	0.04184433686432571
0.0432894914043424	0.04252403653105054
0.04978291511499375	0.04173518185303478
0.05725035238224281	0.041088919242788326
0.06583790523957923	0.0430841158390143
