0.0020	1.1250000000000036e-12
0.0023	1.293750000000004e-12
0.0026449999999999998	1.4878125000000046e-12
0.0030417499999999997	1.7109843750000052e-12
0.003498012499999999	1.9676320312500056e-12
0.004022714374999999	2.2627768359375067e-12
0.004626121531249998	2.602193361328132e-12
0.005320039760937497	2.9925223655273514e-12
0.006118045725078122	3.4414007203564543e-12
0.0070357525838398395	3.957610828409922e-12
0.008091115471415814	4.5512524526714095e-12
0.009304782792128185	5.23394032057212e-12
0.010700500210947412	6.019031368657939e-12
0.012305575242589522	6.9218860739566274e-12
0.014151411528977951	7.960168985050122e-12
0.016274123258324644	9.15419433280764e-12
0.018715241747073334	1.0527323482728783e-11
0.021522528009134335	1.2106422005138102e-11
0.024750907210504488	1.392238530590882e-11
0.028463543292080153	1.6010743101795134e-11
0.03273307478589218	1.8412354567064408e-11
0.037643036003776	2.1174207752124065e-11
0.0432894914043424	2.4350338914942676e-11
0.04978291511499375	2.800288975218407e-11
0.05725035238224281	3.220332321501168e-11
0.06583790523957923	3.7033821697263434e-11
