0.002	3.6000000000000113e-6
0.0023	4.140000000000013e-6
0.0026449999999999998	4.761000000000015e-6
0.0030417499999999997	5.4751500000000165e-6
0.003498012499999999	6.296422500000018e-6
0.004022714374999999	7.240885875000021e-6
0.004626121531249998	8.327018756250024e-6
0.005320039760937497	9.576071569687525e-6
0.006118045725078122	1.1012482305140654e-5
0.0070357525838398395	1.2664354650911751e-5
0.008091115471415814	1.4564007848548512e-5
0.009304782792128185	1.6748609025830787e-5
0.010700500210947412	1.9260900379705403e-5
0.012305575242589522	2.215003543666121e-5
0.014151411528977951	2.5472540752160392e-5
0.016274123258324644	2.9293421864984452e-5
0.018715241747073334	3.368743514473211e-5
0.021522528009134335	3.874055041644193e-5
0.024750907210504488	4.455163297890822e-5
0.028463543292080153	5.1234377925744435e-5
0.03273307478589218	5.8919534614606114e-5
0.037643036003776	6.775746480679701e-5
0.0432894914043424	7.792108452781656e-5
0.04978291511499375	8.960924720698903e-5
0.05725035238224281	1.0305063428803739e-4
0.06583790523957923	1.1850822943124299e-4
