0.0020	9.000000000000029e-5
0.0023	1.0350000000000032e-4
0.0026449999999999998	1.1902500000000037e-4
0.0030417499999999997	1.3687875000000042e-4
0.003498012499999999	1.5741056250000043e-4
0.004022714374999999	1.8102214687500053e-4
0.004626121531249998	2.0817546890625058e-4
0.005320039760937497	2.3940178924218816e-4
0.006118045725078122	2.753120576285164e-4
0.0070357525838398395	3.166088662727938e-4
0.008091115471415814	3.6410019621371277e-4
0.009304782792128185	4.187152256457697e-4
0.010700500210947412	4.8152250949263505e-4
0.012305575242589522	5.537508859165302e-4
0.014151411528977951	6.368135188040098e-4
0.016274123258324644	7.323355466246113e-4
0.018715241747073334	8.421858786183026e-4
0.021522528009134335	9.685137604110481e-4
0.024750907210504488	0.0011137908244727055
0.028463543292080153	0.0012808594481436108
0.03273307478589218	0.0014729883653651528
0.037643036003776	0.0016939366201699252
0.0432894914043424	0.001948027113195414
0.04978291511499375	0.002240231180174726
0.05725035238224281	0.0025762658572009343
0.06583790523957923	0.002962705735781075
