0.002	3.0720000000000114e-6
0.0023	3.532800000000013e-6
0.0026449999999999998	4.062720000000015e-6
0.0030417499999999997	4.6721280000000166e-6
0.003498012499999999	5.372947200000018e-6
0.004022714374999999	6.1788892800000215e-6
0.004626121531249998	7.105722672000024e-6
0.005320039760937497	8.171581072800027e-6
0.006118045725078122	9.397318233720029e-6
0.0070357525838398395	1.0806915968778034e-5
0.008091115471415814	1.2427953364094737e-5
0.009304782792128185	1.4292146368708945e-5
0.010700500210947412	1.6435968324015285e-5
0.012305575242589522	1.8901363572617576e-5
0.014151411528977951	2.1736568108510213e-5
0.016274123258324644	2.4997053324786747e-5
0.018715241747073334	2.874661132350475e-5
0.021522528009134335	3.3058603022030463e-5
0.024750907210504488	3.8017393475335036e-5
0.028463543292080153	4.372000249663528e-5
0.03273307478589218	5.0278002871130575e-5
0.037643036003776	5.781970330180015e-5
0.0432894914043424	6.649265879707017e-5
0.04978291511499375	7.646655761663068e-5
0.05725035238224281	8.79365412591253e-5
0.06583790523957923	1.0112702244799408e-4
