0.0065	9.322663787914171e-14
0.00845	1.214392734658016e-13
0.010985	1.58289874285342e-13
0.0142805	2.0649692284554528e-13
0.018564650000000002	2.696914568455506e-13
0.024134045000000003	3.5277137973108603e-13
0.0313742585	4.624408831682357e-13
0.04078653605	6.0810220009657e-13
0.05302249686500001	8.035823832397631e-13
0.06892924592450002	1.0709587679192053e-12
0.08960801970185003	1.447942742916432e-12
0.11649042561240502	1.9965416501863665e-12
0.15143755329612654	2.8054448609726225e-12
0.19686881928496452	3.982481293190271e-12
0.2559294650704539	5.645328035986205e-12
0.33270830459159006	7.921733840433544e-12
0.43252079596906706	1.0961628549861872e-11
0.5622770347597872	1.4955943522819345e-11
0.7309601451877235	2.015739319142996e-11
0.9502481887440405	2.6902399400706672e-11
1.2353226453672528	3.563610295531812e-11
1.6059194389774285	4.694334008150137e-11
