0.0065	1.4916262060662674e-4
0.00845	1.9430283754528257e-4
0.010985	2.532637988565472e-4
0.0142805	3.303950765528725e-4
0.018564650000000002	4.31506330952881e-4
0.024134045000000003	5.644342075697377e-4
0.0313742585	7.39905413069177e-4
0.04078653605	9.729635201545119e-4
0.05302249686500001	0.001285731813183621
0.06892924592450002	0.0017135340286707286
0.08960801970185003	0.0023167083886662908
0.11649042561240502	0.003194466640298187
0.15143755329612654	0.004488711777556196
0.19686881928496452	0.006371970069104433
0.2559294650704539	0.009032524857577929
0.33270830459159006	0.012674774144693672
0.43252079596906706	0.017538605679779
0.5622770347597872	0.02392950963651095
0.7309601451877235	0.032251829106287926
0.9502481887440405	0.04304383904113067
1.2353226453672528	0.057017764728508995
1.6059194389774285	0.07510934413040217
