0.0065	2.983252412132535e-7
0.00845	3.8860567509056515e-7
0.010985	5.065275977130944e-7
0.0142805	6.607901531057449e-7
0.018564650000000002	8.63012661905762e-7
0.024134045000000003	1.1288684151394752e-6
0.0313742585	1.479810826138354e-6
0.04078653605	1.9459270403090244e-6
0.05302249686500001	2.571463626367242e-6
0.06892924592450002	3.427068057341458e-6
0.08960801970185003	4.633416777332583e-6
0.11649042561240502	6.388933280596373e-6
0.15143755329612654	8.977423555112393e-6
0.19686881928496452	1.2743940138208868e-5
0.2559294650704539	1.8065049715155855e-5
0.33270830459159006	2.5349548289387346e-5
0.43252079596906706	3.5077211359558005e-5
0.5622770347597872	4.78590192730219e-5
0.7309601451877235	6.450365821257588e-5
0.9502481887440405	8.608767808226134e-5
1.2353226453672528	1.14035529457018e-4
1.6059194389774285	1.5021868826080436e-4
