0.002	3.6000000000000116e-4
0.0023	4.140000000000013e-4
0.0026449999999999998	4.761000000000015e-4
0.0030417499999999997	5.475150000000017e-4
0.003498012499999999	6.296422500000017e-4
0.004022714374999999	7.240885875000021e-4
0.004626121531249998	8.327018756250023e-4
0.005320039760937497	9.576071569687526e-4
0.006118045725078122	0.0011012482305140655
0.0070357525838398395	0.0012664354650911752
0.008091115471415814	0.001456400784854851
0.009304782792128185	0.0016748609025830788
0.010700500210947412	0.0019260900379705402
0.012305575242589522	0.002215003543666121
0.014151411528977951	0.0025472540752160392
0.016274123258324644	0.0029293421864984453
0.018715241747073334	0.0033687435144732106
0.021522528009134335	0.0038740550416441924
0.024750907210504488	0.004455163297890822
0.028463543292080153	0.005123437792574443
0.03273307478589218	0.005891953461460611
0.037643036003776	0.006775746480679701
0.0432894914043424	0.007792108452781656
0.04978291511499375	0.008960924720698904
0.05725035238224281	0.010305063428803737
0.06583790523957923	0.0118508229431243
