0.002	0.0018000000000000058
0.0023	0.0020700000000000067
0.0026449999999999998	0.002380500000000007
0.0030417499999999997	0.002737575000000008
0.003498012499999999	0.0031482112500000087
0.004022714374999999	0.003620442937500011
0.004626121531249998	0.0041635093781250115
0.005320039760937497	0.004788035784843762
0.006118045725078122	0.005506241152570327
0.0070357525838398395	0.006332177325455875
0.008091115471415814	0.007282003924274255
0.009304782792128185	0.008374304512915393
0.010700500210947412	0.009630450189852702
0.012305575242589522	0.011075017718330605
0.014151411528977951	0.012736270376080196
0.016274123258324644	0.014646710932492226
0.018715241747073334	0.016843717572366055
0.021522528009134335	0.019370275208220964
0.024750907210504488	0.02227581648945411
0.028463543292080153	0.02561718896287222
0.03273307478589218	0.029459767307303052
0.037643036003776	0.033878732403398504
0.0432894914043424	0.038960542263908285
0.04978291511499375	0.04480462360349452
0.05725035238224281	0.051525317144018694
0.06583790523957923	0.059254114715621496
