0.0065	2.9832524121325345e-5
0.00845	3.886056750905651e-5
0.010985	5.0652759771309433e-5
0.0142805	6.607901531057449e-5
0.018564650000000002	8.63012661905762e-5
0.024134045000000003	1.128868415139475e-4
0.0313742585	1.479810826138354e-4
0.04078653605	1.9459270403090242e-4
0.05302249686500001	2.571463626367242e-4
0.06892924592450002	3.427068057341457e-4
0.08960801970185003	4.633416777332582e-4
0.11649042561240502	6.388933280596373e-4
0.15143755329612654	8.977423555112391e-4
0.19686881928496452	0.001274394013820887
0.2559294650704539	0.0018065049715155859
0.33270830459159006	0.0025349548289387343
0.43252079596906706	0.0035077211359558
0.5622770347597872	0.00478590192730219
0.7309601451877235	0.006450365821257587
0.9502481887440405	0.008608767808226133
1.2353226453672528	0.0114035529457018
1.6059194389774285	0.01502186882608044
