0.0065	9.546407718824111e-11
0.00845	1.2435381602898084e-10
0.010985	1.6208883126819021e-10
0.0142805	2.1145284899383837e-10
0.018564650000000002	2.7616405180984384e-10
0.024134045000000003	3.612378928446321e-10
0.0313742585	4.735394643642733e-10
0.04078653605	6.226966528988876e-10
0.05302249686500001	8.228683604375174e-10
0.06892924592450002	1.0966617783492663e-9
0.08960801970185003	1.4826933687464263e-9
0.11649042561240502	2.0444586497908393e-9
0.15143755329612654	2.8727755376359654e-9
0.19686881928496452	4.078060844226837e-9
0.2559294650704539	5.780815908849874e-9
0.33270830459159006	8.11185545260395e-9
0.43252079596906706	1.1224707635058557e-8
0.5622770347597872	1.531488616736701e-8
0.7309601451877235	2.0641170628024278e-8
0.9502481887440405	2.7548056986323632e-8
1.2353226453672528	3.6491369426245754e-8
1.6059194389774285	4.8069980243457406e-8
