0.0065	3.3561589636493076e-12
0.00845	4.371813844769126e-12
0.010985	5.698435474272661e-12
0.0142805	7.433889222440087e-12
0.018564650000000002	9.708892446440419e-12
0.024134045000000003	1.2699769670319877e-11
0.0313742585	1.6647871794057503e-11
0.04078653605	2.1891679203477863e-11
0.05302249686500001	2.8928965796633247e-11
0.06892924592450002	3.855451564509376e-11
0.08960801970185003	5.212593874499475e-11
0.11649042561240502	7.187549940671361e-11
0.15143755329612654	1.0099601499502061e-10
0.19686881928496452	1.4336932655485857e-10
0.2559294650704539	2.0323180929551584e-10
0.33270830459159006	2.8518241825562515e-10
0.43252079596906706	3.9461862779505167e-10
0.5622770347597872	5.384139668215295e-10
0.7309601451877235	7.256661548915231e-10
0.9502481887440405	9.684863784254996e-10
1.2353226453672528	1.2828997063915312e-9
1.6059194389774285	1.689960242934153e-9
