0.0065	3.9776698828433815e-9
0.00845	5.181409001207538e-9
0.010985	6.7537013028412615e-9
0.0142805	8.81053537474327e-9
0.018564650000000002	1.1506835492076831e-8
0.024134045000000003	1.5051578868526345e-8
0.0313742585	1.9730811015178062e-8
0.04078653605	2.5945693870787e-8
0.05302249686500001	3.4286181684896575e-8
0.06892924592450002	4.569424076455279e-8
0.08960801970185003	6.177889036443448e-8
0.11649042561240502	8.518577707461835e-8
0.15143755329612654	1.1969898073483197e-7
0.19686881928496452	1.69919201842785e-7
0.2559294650704539	2.4086732953541155e-7
0.33270830459159006	3.379939771918314e-7
0.43252079596906706	4.6769615146077354e-7
0.5622770347597872	6.381202569736258e-7
0.7309601451877235	8.600487761676788e-7
0.9502481887440405	1.147835707763485e-6
1.2353226453672528	1.5204737260935741e-6
1.6059194389774285	2.002915843477393e-6
