0.0065	5.3035598437913376e-5
0.00845	6.908545334943593e-5
0.010985	9.00493507045529e-5
0.0142805	1.1747380499658052e-4
0.018564650000000002	1.5342447322769579e-4
0.024134045000000003	2.0068771824702402e-4
0.0313742585	2.630774802023822e-4
0.04078653605	3.4594258494383725e-4
0.05302249686500001	4.571490891319683e-4
0.06892924592450002	6.092565435273891e-4
0.08960801970185003	8.237185381924847e-4
0.11649042561240502	0.0011358103609949459
0.15143755329612654	0.001595986409797808
0.19686881928496452	0.0022655893579038694
0.2559294650704539	0.0032115643938055854
0.33270830459159006	0.00450658636255789
0.43252079596906706	0.006235948686143839
0.5622770347597872	0.008508270092981936
0.7309601451877235	0.0114673170155694
0.9502481887440405	0.015304476103513603
1.2353226453672528	0.020272983014581608
1.6059194389774285	0.026705544579699387
