0.002	3.840000000000014e-4
0.0023	4.416000000000016e-4
0.0026449999999999998	5.078400000000018e-4
0.0030417499999999997	5.840160000000021e-4
0.003498012499999999	6.716184000000023e-4
0.004022714374999999	7.723611600000027e-4
0.004626121531249998	8.882153340000029e-4
0.005320039760937497	0.0010214476341000032
0.006118045725078122	0.0011746647792150037
0.0070357525838398395	0.0013508644960972542
0.008091115471415814	0.001553494170511842
0.009304782792128185	0.0017865182960886182
0.010700500210947412	0.0020544960405019107
0.012305575242589522	0.002362670446577197
0.014151411528977951	0.0027170710135637766
0.016274123258324644	0.0031246316655983435
0.018715241747073334	0.0035933264154380936
0.021522528009134335	0.0041323253777538075
0.024750907210504488	0.00475217418441688
0.028463543292080153	0.005465000312079409
0.03273307478589218	0.006284750358891322
0.037643036003776	0.0072274629127250176
0.0432894914043424	0.008311582349633771
0.04978291511499375	0.009558319702078835
0.05725035238224281	0.01099206765739066
0.06583790523957923	0.012640877805999259
