0.0065	2.4860436767772477e-8
0.00845	3.2383806257548856e-8
0.010985	4.221063314276016e-8
0.0142805	5.5065846092148405e-8
0.018564650000000002	7.191772182548407e-8
0.024134045000000003	9.407236792829473e-8
0.0313742585	1.2331756884486953e-7
0.04078653605	1.621605866924275e-7
0.05302249686500001	2.1428863553061515e-7
0.06892924592450002	2.8558900477847033e-7
0.08960801970185003	3.8611806477773627e-7
0.11649042561240502	5.324111067163934e-7
0.15143755329612654	7.481186295927401e-7
0.19686881928496452	1.0619950115174634e-6
0.2559294650704539	1.5054208095964033e-6
0.33270830459159006	2.1124623574490603e-6
0.43252079596906706	2.923100946629992e-6
0.5622770347597872	3.988251606085376e-6
0.7309601451877235	5.375304851048282e-6
0.9502481887440405	7.173973173522168e-6
1.2353226453672528	9.50296078808535e-6
1.6059194389774285	1.2518224021734381e-5
