0.0065	5.939987025046485e-13
0.00845	7.737570775137069e-13
0.010985	1.0085527278910244e-12
0.0142805	1.3157066159617431e-12
0.018564650000000002	1.718354100150247e-12
0.024134045000000003	2.2477024443667405e-12
0.0313742585	2.946467778266774e-12
0.04078653605	3.8745569513710986e-12
0.05302249686500001	5.1200697982782065e-12
0.06892924592450002	6.823673287506974e-12
0.08960801970185003	9.225647627756121e-12
0.11649042561240502	1.2721076043143799e-11
0.15143755329612654	1.7875047789736015e-11
0.19686881928496452	2.5374600808524137e-11
0.2559294650704539	3.5969521210623695e-11
0.33270830459159006	5.047376726064996e-11
0.43252079596906706	6.98426252848132e-11
0.5622770347597872	9.529262504140068e-11
0.7309601451877235	1.284339505743813e-10
0.9502481887440405	1.7141013235935776e-10
1.2353226453672528	2.2705740976332117e-10
1.6059194389774285	2.991020992926426e-10
