0.0065	2.545708725019764e-7
0.00845	3.3161017607728243e-7
0.010985	4.3223688338184074e-7
0.0142805	5.638742639835693e-7
0.018564650000000002	7.364374714929172e-7
0.024134045000000003	9.63301047585686e-7
0.0313742585	1.262771904971396e-6
0.04078653605	1.660524407730368e-6
0.05302249686500001	2.194315627833381e-6
0.06892924592450002	2.9244314089313787e-6
0.08960801970185003	3.953848983323807e-6
0.11649042561240502	5.4518897327755746e-6
0.15143755329612654	7.660734767029246e-6
0.19686881928496452	1.087482891793824e-5
0.2559294650704539	1.541550909026634e-5
0.33270830459159006	2.163161454027721e-5
0.43252079596906706	2.9932553693489506e-5
0.5622770347597872	4.083969644631205e-5
0.7309601451877235	5.504312167473144e-5
0.9502481887440405	7.346148529686305e-5
1.2353226453672528	9.731031846998874e-5
1.6059194389774285	1.2818661398255316e-4
