0.0065	2.6517799218956685e-4
0.00845	3.454272667471797e-4
0.010985	4.5024675352276454e-4
0.0142805	5.873690249829026e-4
0.018564650000000002	7.671223661384789e-4
0.024134045000000003	0.0010034385912351203
0.0313742585	0.0013153874010119109
0.04078653605	0.001729712924719186
0.05302249686500001	0.0022857454456598415
0.06892924592450002	0.0030462827176369455
0.08960801970185003	0.004118592690962423
0.11649042561240502	0.005679051804974731
0.15143755329612654	0.00797993204898904
0.19686881928496452	0.011327946789519344
0.2559294650704539	0.016057821969027927
0.33270830459159006	0.02253293181278945
0.43252079596906706	0.031179743430719185
0.5622770347597872	0.04254135046490968
0.7309601451877235	0.05733658507784699
0.9502481887440405	0.07652238051756802
1.2353226453672528	0.10136491507290803
1.6059194389774285	0.1335277228984969
