0.0020	4.800000000000018e-8
0.0023	5.52000000000002e-8
0.0026449999999999998	6.348000000000023e-8
0.0030417499999999997	7.300200000000026e-8
0.003498012499999999	8.395230000000028e-8
0.004022714374999999	9.654514500000034e-8
0.004626121531249998	1.1102691675000038e-7
0.005320039760937497	1.2768095426250042e-7
0.006118045725078122	1.4683309740187545e-7
0.0070357525838398395	1.6885806201215678e-7
0.008091115471415814	1.9418677131398027e-7
0.009304782792128185	2.2331478701107727e-7
0.010700500210947412	2.5681200506273883e-7
0.012305575242589522	2.9533380582214963e-7
0.014151411528977951	3.396338766954721e-7
0.016274123258324644	3.905789581997929e-7
0.018715241747073334	4.491658019297617e-7
0.021522528009134335	5.16540672219226e-7
0.024750907210504488	5.940217730521099e-7
0.028463543292080153	6.831250390099262e-7
0.03273307478589218	7.855937948614152e-7
0.037643036003776	9.034328640906273e-7
0.0432894914043424	1.0389477937042215e-6
0.04978291511499375	1.1947899627598544e-6
0.05725035238224281	1.3740084571738327e-6
0.06583790523957923	1.5801097257499074e-6
