0.0065	3.436706778776891e-9
0.00845	4.476737377043585e-9
0.010985	5.835197925655205e-9
0.0142805	7.612302563778649e-9
0.018564650000000002	9.941905865154989e-9
0.024134045000000003	1.3004564142407555e-8
0.0313742585	1.7047420717114884e-8
0.04078653605	2.241707950436133e-8
0.05302249686500001	2.9623260975752445e-8
0.06892924592450002	3.947982402057601e-8
0.08960801970185003	5.3376961274874625e-8
0.11649042561240502	7.360051139247474e-8
0.15143755329612654	1.0341991935490111e-7
0.19686881928496452	1.4681019039217517e-7
0.2559294650704539	2.0810937271860822e-7
0.33270830459159006	2.9202679629376016e-7
0.43252079596906706	4.040894748621329e-7
0.5622770347597872	5.513359020252462e-7
0.7309601451877235	7.430821426089196e-7
0.9502481887440405	9.917300515077116e-7
1.2353226453672528	1.313689299344928e-6
1.6059194389774285	1.7305192887645727e-6
