0.002	1.1520000000000037e-9
0.0023	1.3248000000000042e-9
0.0026449999999999998	1.5235200000000047e-9
0.0030417499999999997	1.7520480000000053e-9
0.003498012499999999	2.0148552000000057e-9
0.004022714374999999	2.317083480000007e-9
0.004626121531249998	2.664646002000007e-9
0.005320039760937497	3.064342902300008e-9
0.006118045725078122	3.523994337645009e-9
0.0070357525838398395	4.05259348829176e-9
0.008091115471415814	4.660482511535523e-9
0.009304782792128185	5.359554888265851e-9
0.010700500210947412	6.163488121505729e-9
0.012305575242589522	7.0880113397315865e-9
0.014151411528977951	8.151213040691325e-9
0.016274123258324644	9.373894996795024e-9
0.018715241747073334	1.0779979246314274e-8
0.021522528009134335	1.2396976133261416e-8
0.024750907210504488	1.4256522553250632e-8
0.028463543292080153	1.6395000936238218e-8
0.03273307478589218	1.8854251076673954e-8
0.037643036003776	2.1682388738175042e-8
0.0432894914043424	2.49347470489013e-8
0.04978291511499375	2.8674959106236487e-8
0.05725035238224281	3.297620297217196e-8
0.06583790523957923	3.7922633417997757e-8
