0.0065	7.458131030331336e-6
0.00845	9.715141877264127e-6
0.010985	1.2663189942827358e-5
0.0142805	1.6519753827643623e-5
0.018564650000000002	2.157531654764405e-5
0.024134045000000003	2.8221710378486876e-5
0.0313742585	3.699527065345885e-5
0.04078653605	4.8648176007725605e-5
0.05302249686500001	6.428659065918104e-5
0.06892924592450002	8.567670143353643e-5
0.08960801970185003	1.1583541943331456e-4
0.11649042561240502	1.5972333201490931e-4
0.15143755329612654	2.2443558887780978e-4
0.19686881928496452	3.1859850345522175e-4
0.2559294650704539	4.5162624287889647e-4
0.33270830459159006	6.337387072346836e-4
0.43252079596906706	8.7693028398895e-4
0.5622770347597872	0.0011964754818255476
0.7309601451877235	0.0016125914553143967
0.9502481887440405	0.0021521919520565333
1.2353226453672528	0.00285088823642545
1.6059194389774285	0.00375546720652011
