0.0065	1.0739708683677785e-5
0.00845	1.3989804303261204e-5
0.010985	1.823499351767252e-5
0.0142805	2.3788445511808278e-5
0.018564650000000002	3.1068455828609336e-5
0.024134045000000003	4.06392629450236e-5
0.0313742585	5.3273189740984016e-5
0.04078653605	7.005337345112918e-5
0.05302249686500001	9.25726905492264e-5
0.06892924592450002	1.2337445006430005e-4
0.08960801970185003	1.668030039839832e-4
0.11649042561240502	2.3000159810148356e-4
0.15143755329612654	3.2318724798406596e-4
0.19686881928496452	4.587818449755474e-4
0.2559294650704539	6.503417897456507e-4
0.33270830459159006	9.125837384180005e-4
0.43252079596906706	0.0012627796089441656
0.5622770347597872	0.0017229246938288943
0.7309601451877235	0.002322131695652874
0.9502481887440405	0.003099156410961598
1.2353226453672528	0.0041052790604529
1.6059194389774285	0.005407872777389289
