0.0065	1.5910679531374385e-6
0.00845	2.072563600483127e-6
0.010985	2.7014805211366504e-6
0.0142805	3.524214149897498e-6
0.018564650000000002	4.602734196830981e-6
0.024134045000000003	6.020631547410862e-6
0.0313742585	7.89232440607165e-6
0.04078653605	1.037827754831536e-5
0.05302249686500001	1.371447267395937e-5
0.06892924592450002	1.82776963058221e-5
0.08960801970185003	2.471155614577512e-5
0.11649042561240502	3.407431082984918e-5
0.15143755329612654	4.787959229393537e-5
0.19686881928496452	6.796768073711766e-5
0.2559294650704539	9.634693181416981e-5
0.33270830459159006	1.3519759087673986e-4
0.43252079596906706	1.870784605843195e-4
0.5622770347597872	2.552481027894641e-4
0.7309601451877235	3.4401951046709e-4
0.9502481887440405	4.5913428310541876e-4
1.2353226453672528	6.081894904374624e-4
1.6059194389774285	8.011663373910004e-4
