0.0065	1.3258899609478344e-5
0.00845	1.7271363337358983e-5
0.010985	2.2512337676138225e-5
0.0142805	2.936845124914513e-5
0.018564650000000002	3.8356118306923946e-5
0.024134045000000003	5.0171929561756004e-5
0.0313742585	6.576937005059555e-5
0.04078653605	8.648564623595931e-5
0.05302249686500001	1.1428727228299208e-4
0.06892924592450002	1.5231413588184727e-4
0.08960801970185003	2.0592963454812117e-4
0.11649042561240502	2.8395259024873646e-4
0.15143755329612654	3.98996602449452e-4
0.19686881928496452	5.663973394759674e-4
0.2559294650704539	8.028910984513964e-4
0.33270830459159006	0.0011266465906394725
0.43252079596906706	0.0015589871715359597
0.5622770347597872	0.002127067523245484
0.7309601451877235	0.00286682925389235
0.9502481887440405	0.0038261190258784008
1.2353226453672528	0.005068245753645402
1.6059194389774285	0.006676386144924847
