0.0065	3.625480361966849e-17
0.00845	4.7226384125592463e-17
0.010985	6.155717333319241e-17
0.0142805	8.030435888438373e-17
0.018564650000000002	1.0488001099549847e-16
0.024134045000000003	1.3718886989543094e-16
0.0313742585	1.7983812123210291e-16
0.04078653605	2.3648418892645865e-16
0.05302249686500001	3.125042601488163e-16
0.06892924592450002	4.164839653019393e-16
0.08960801970185003	5.630888444675367e-16
0.11649042561240502	7.764328639614135e-16
0.15143755329612654	1.0910063348227548e-15
0.19686881928496452	1.548742725129647e-15
0.2559294650704539	2.1954053473281064e-15
0.33270830459159006	3.0806742712799048e-15
0.43252079596906706	4.262855547168774e-15
0.5622770347597872	5.8162002588745535e-15
0.7309601451877235	7.83898624111214e-15
0.9502481887440405	1.0462044211386582e-14
1.2353226453672528	1.3858484482624583e-14
1.6059194389774285	1.8255743365029454e-14
