0.0065	1.9888349414217982e-4
0.00845	2.5907045006039084e-4
0.010985	3.376850651420813e-4
0.0142805	4.4052676873718725e-4
0.018564650000000002	5.753417746038726e-4
0.024134045000000003	7.525789434263578e-4
0.0313742585	9.865405507589564e-4
0.04078653605	0.0012972846935394198
0.05302249686500001	0.0017143090842449212
0.06892924592450002	0.0022847120382277625
0.08960801970185003	0.00308894451822189
0.11649042561240502	0.004259288853731147
0.15143755329612654	0.005984949036741922
0.19686881928496452	0.00849596009213971
0.2559294650704539	0.012043366476771226
0.33270830459159006	0.01689969885959248
0.43252079596906706	0.023384807573039935
0.5622770347597872	0.03190601284868301
0.7309601451877235	0.04300243880838625
0.9502481887440405	0.05739178538817736
1.2353226453672528	0.07602368630468279
1.6059194389774285	0.10014579217387504
