0.0065	4.640614863317566e-8
0.00845	6.044977168075836e-8
0.010985	7.879318186648628e-8
0.0142805	1.0278957937201122e-7
0.018564650000000002	1.3424641407423806e-7
0.024134045000000003	1.756017534661516e-7
0.0313742585	2.301927951770917e-7
0.04078653605	3.026997618258671e-7
0.05302249686500001	4.000054529904849e-7
0.06892924592450002	5.330994755864824e-7
0.08960801970185003	7.207537209184469e-7
0.11649042561240502	9.938340658706092e-7
0.15143755329612654	1.3964881085731264e-6
0.19686881928496452	1.982390688165948e-6
0.2559294650704539	2.810118844579976e-6
0.33270830459159006	3.943263067238279e-6
0.43252079596906706	5.45645510037603e-6
0.5622770347597872	7.444736331359429e-6
0.7309601451877235	1.0033902388623542e-5
0.9502481887440405	1.3391416590574824e-5
1.2353226453672528	1.7738860137759464e-5
1.6059194389774285	2.3367351507237697e-5
