0.0065	3.182135906274706e-5
0.00845	4.14512720096603e-5
0.010985	5.40296104227301e-5
0.0142805	7.048428299794616e-5
0.018564650000000002	9.205468393661466e-5
0.024134045000000003	1.2041263094821076e-4
0.0313742585	1.5784648812142453e-4
0.04078653605	2.07565550966296e-4
0.05302249686500001	2.742894534791726e-4
0.06892924592450002	3.6555392611642234e-4
0.08960801970185003	4.942311229154758e-4
0.11649042561240502	6.814862165969469e-4
0.15143755329612654	9.575918458786559e-4
0.19686881928496452	0.00135935361474228
0.2559294650704539	0.0019269386362832923
0.33270830459159006	0.0027039518175346515
0.43252079596906706	0.0037415692116861883
0.5622770347597872	0.0051049620557890064
0.7309601451877235	0.00688039020934143
0.9502481887440405	0.009182685662107882
1.2353226453672528	0.01216378980874859
1.6059194389774285	0.016023326747819144
