0.0065	2.1848447820954988e-4
0.00845	3.0035425451555145e-4
0.010985	4.125371310903289e-4
0.0142805	5.128807086253043e-4
0.018564650000000002	6.062950830765975e-4
0.024134045000000003	8.437417187714515e-4
0.0313742585	0.0011205446286865236
0.04078653605	0.0014593992502634663
0.05302249686500001	0.001930989169019983
0.06892924592450002	0.0025526030661516606
0.08960801970185003	0.00331768174412718
0.11649042561240502	0.004701170193465098
0.15143755329612654	0.005906740646828484
0.19686881928496452	0.00912395323567064
0.2559294650704539	0.015399211113117442
0.33270830459159006	0.026053640912212864
0.43252079596906706	0.03867873252635126
0.5622770347597872	0.0512206982747122
0.7309601451877235	0.06697857112100734
0.9502481887440405	0.07292625926875587
1.2353226453672528	0.07447084642566638
1.6059194389774285	0.07855911112024867
