0.0065	2.9171309608445635e-7
0.00845	3.922618878022461e-7
0.010985	5.379444256860892e-7
0.0142805	6.81423245474854e-7
0.018564650000000002	8.855077328462457e-7
0.024134045000000003	1.245688336815243e-6
0.0313742585	1.4572622241859934e-6
0.04078653605	1.968578724577808e-6
0.05302249686500001	2.5451630951445926e-6
0.06892924592450002	3.4927024628648667e-6
0.08960801970185003	4.127992686431995e-6
0.11649042561240502	5.686446941134969e-6
0.15143755329612654	4.5824487096009296e-4
0.19686881928496452	0.0014378283329560617
0.2559294650704539	0.003686749597202395
0.33270830459159006	0.009770340708508216
0.43252079596906706	0.0176992275315649
0.5622770347597872	0.02338114008452778
0.7309601451877235	0.029450786688522978
0.9502481887440405	0.03601643581882243
1.2353226453672528	0.03589200554956766
1.6059194389774285	0.041073406564426894
