0.0065	2.8363377355549155e-7
0.00845	3.625406591480912e-7
0.010985	4.1089830933068337e-7
0.0142805	5.685898875341993e-7
0.018564650000000002	7.557218747507434e-7
0.024134045000000003	9.644246392577745e-7
0.0313742585	1.2742418871809769e-6
0.04078653605	1.7224762707394364e-6
0.05302249686500001	2.292768853776129e-6
0.06892924592450002	2.7453852865947783e-6
0.08960801970185003	3.66206513461516e-6
0.11649042561240502	4.5701627656192076e-6
0.15143755329612654	6.332728112194971e-6
0.19686881928496452	7.421340398637214e-6
0.2559294650704539	1.0532663949855217e-5
0.33270830459159006	1.3263002697564153e-5
0.43252079596906706	1.8239368940845244e-5
0.5622770347597872	2.4232269034185088e-5
0.7309601451877235	2.625415844062996e-4
0.9502481887440405	0.0012382866942655408
1.2353226453672528	0.0040830137498413755
1.6059194389774285	0.012839401297056916
