0.002	0.002757365253287681
0.0023	0.003154073594847992
0.0026449999999999998	0.0037551609744893738
0.0030417499999999997	0.0042970620064804
0.003498012499999999	0.005097495069950575
0.004022714374999999	0.005858064245796971
0.004626121531249998	0.00648507954501843
0.005320039760937497	0.007391939766278111
0.006118045725078122	0.00927211875484201
0.0070357525838398395	0.011650445313319154
0.008091115471415814	0.013604711689603446
0.009304782792128185	0.017454539461018805
0.010700500210947412	0.024727096431861564
0.012305575242589522	0.03244321571492001
0.014151411528977951	0.042101610883545575
0.016274123258324644	0.050233024544255586
0.018715241747073334	0.061858557610919504
0.021522528009134335	0.06942395639149418
0.024750907210504488	0.07577472270470864
0.028463543292080153	0.07985061670914095
0.03273307478589218	0.08051436764700903
0.037643036003776	0.08240312053634591
0.0432894914043424	0.08113009675899444
0.04978291511499375	0.08295792750213672
0.05725035238224281	0.08064883561373168
0.06583790523957923	0.08250305586147232
