0.002	3.16558287711738e-6
0.0023	3.805162833791849e-6
0.0026449999999999998	4.605559425682395e-6
0.0030417499999999997	4.8679442617591515e-6
0.003498012499999999	6.108803906124425e-6
0.004022714374999999	7.197614499222592e-6
0.004626121531249998	7.992538725676852e-6
0.005320039760937497	9.354149685366778e-6
0.006118045725078122	1.041386581929501e-5
0.0070357525838398395	1.2040088473789066e-5
0.008091115471415814	1.3649861167822398e-5
0.009304782792128185	1.745981910883322e-5
0.010700500210947412	2.0488576850581155e-5
0.012305575242589522	2.423276224935598e-5
0.014151411528977951	2.807739033253408e-5
0.016274123258324644	4.460018115859968e-5
0.018715241747073334	3.790448363230594e-5
0.021522528009134335	1.1301881796392722e-4
0.024750907210504488	9.05748325050429e-4
0.028463543292080153	0.005013318482235486
0.03273307478589218	0.015350301427106366
0.037643036003776	0.027017364400226968
0.0432894914043424	0.0375622027527155
0.04978291511499375	0.037736167191178394
0.05725035238224281	0.04124759577840086
0.06583790523957923	0.042353052826806244
