0.002	1.1350782560770919e-9
0.0023	1.3813523088626423e-9
0.0026449999999999998	1.6785669276820973e-9
0.0030417499999999997	1.775728740339188e-9
0.003498012499999999	2.1877773735602194e-9
0.004022714374999999	2.6182083979096787e-9
0.004626121531249998	2.9491615934841398e-9
0.005320039760937497	3.3138847919110426e-9
0.006118045725078122	3.839560010125232e-9
0.0070357525838398395	4.3416798041271074e-9
0.008091115471415814	5.003637225725378e-9
0.009304782792128185	6.228917140269445e-9
0.010700500210947412	7.522814780110572e-9
0.012305575242589522	8.653367800063178e-9
0.014151411528977951	3.1269177843095036e-5
0.016274123258324644	1.7023592348117567e-4
0.018715241747073334	3.9919408220396517e-4
0.021522528009134335	8.536608029575997e-4
0.024750907210504488	0.002748040250690897
0.028463543292080153	0.008942980030417907
0.03273307478589218	0.022477775640523775
0.037643036003776	0.033518634192239556
0.0432894914043424	0.0397886088213466
0.04978291511499375	0.04168239278270256
0.05725035238224281	0.04298544860506711
0.06583790523957923	0.04218389645931123
