0.002	4.006907935363307e-4
0.0023	4.5605934843384566e-4
0.0026449999999999998	5.413269583939227e-4
0.0030417499999999997	6.015219359805697e-4
0.003498012499999999	7.298112315310692e-4
0.004022714374999999	8.38880374166902e-4
0.004626121531249998	9.46972006790972e-4
0.005320039760937497	0.001182024220152961
0.006118045725078122	0.001222988964282308
0.0070357525838398395	0.001432398758978947
0.008091115471415814	0.0016260492657288576
0.009304782792128185	0.0021193271221382165
0.010700500210947412	0.0024648563447894397
0.012305575242589522	0.0028949937550296866
0.014151411528977951	0.0033928426846101664
0.016274123258324644	0.003921422794164694
0.018715241747073334	0.00492951417013439
0.021522528009134335	0.0059767377195375435
0.024750907210504488	0.009469102309265613
0.028463543292080153	0.01903102747873272
0.03273307478589218	0.04262658068849482
0.037643036003776	0.06181653473190813
0.0432894914043424	0.07933616745656795
0.04978291511499375	0.08153221149020494
0.05725035238224281	0.08325908239277852
0.06583790523957923	0.08496085734054631
