0.002	3.7552854425294453e-6
0.0023	4.430416115014602e-6
0.0026449999999999998	5.1599305767320765e-6
0.0030417499999999997	5.945816316089739e-6
0.003498012499999999	6.747905358894238e-6
0.004022714374999999	3.905858433616489e-5
0.004626121531249998	2.5839242528959285e-4
0.005320039760937497	2.1472228395394768e-4
0.006118045725078122	0.001427242440615248
0.0070357525838398395	0.0020764293091928925
0.008091115471415814	0.003163976749622664
0.009304782792128185	0.0060763736905063565
0.010700500210947412	0.010062009555214002
0.012305575242589522	0.01538760609960112
0.014151411528977951	0.02146361290241445
0.016274123258324644	0.02697267108626196
0.018715241747073334	0.03343070238710297
0.021522528009134335	0.038284525154087416
0.024750907210504488	0.041005057500126556
0.028463543292080153	0.04312217594831571
0.03273307478589218	0.04463015423144926
0.037643036003776	0.042432074273657874
0.0432894914043424	0.041379863565896
0.04978291511499375	0.04322197707247545
0.05725035238224281	0.04161702561834999
0.06583790523957923	0.03922476332622258
