0.0065	1.0037838866942763e-10
0.00845	1.3011162166261619e-10
0.010985	1.48232575466416e-10
0.0142805	2.0759257170219633e-10
0.018564650000000002	2.731726883529174e-10
0.024134045000000003	3.4391986543900166e-10
0.0313742585	4.677391456535695e-10
0.04078653605	6.148930869129802e-10
0.05302249686500001	8.44034806426945e-10
0.06892924592450002	9.952975052826966e-10
0.08960801970185003	1.3195969142815745e-9
0.11649042561240502	1.6530762475559496e-9
0.15143755329612654	2.288425417645603e-9
0.19686881928496452	2.7087442277397947e-9
0.2559294650704539	3.79429344801867e-9
0.33270830459159006	4.8805522621233125e-9
0.43252079596906706	6.449867812239523e-9
0.5622770347597872	8.801860839021599e-9
0.7309601451877235	2.224359307778164e-4
0.9502481887440405	0.002395116267245053
1.2353226453672528	0.008940193378261211
1.6059194389774285	0.015580339725200941
