0.0065	3.807152807311554e-5
0.00845	5.0584285418767704e-5
0.010985	6.98677261665625e-5
0.0142805	8.862578813585667e-5
0.018564650000000002	1.1117956060314499e-4
0.024134045000000003	1.564590581043533e-4
0.0313742585	1.8767788975843314e-4
0.04078653605	2.5476226280358994e-4
0.05302249686500001	3.277679771580907e-4
0.06892924592450002	4.5055900620281236e-4
0.08960801970185003	5.406730023947699e-4
0.11649042561240502	7.593836321804798e-4
0.15143755329612654	0.0010913195428704759
0.19686881928496452	0.0018960429619626288
0.2559294650704539	0.004320351242931058
0.33270830459159006	0.008607369517316745
0.43252079596906706	0.014527345798091344
0.5622770347597872	0.020450948595234535
0.7309601451877235	0.02844993745977617
0.9502481887440405	0.03198072013301179
1.2353226453672528	0.03825239344971398
1.6059194389774285	0.03598144908813289
