0.002	4.862149378307467e-4
0.0023	5.576465277093443e-4
0.0026449999999999998	6.56665427109852e-4
0.0030417499999999997	7.57130376108734e-4
0.003498012499999999	8.68778872919741e-4
0.004022714374999999	0.0010209661170900222
0.004626121531249998	0.0011262061651808584
0.005320039760937497	0.0013627181756012995
0.006118045725078122	0.0017418502025928783
0.0070357525838398395	0.0021547758835520673
0.008091115471415814	0.002931026073634736
0.009304782792128185	0.004326313427723877
0.010700500210947412	0.006443992185877913
0.012305575242589522	0.00979517457241328
0.014151411528977951	0.01424561273404596
0.016274123258324644	0.019399844089571558
0.018715241747073334	0.02349730925055703
0.021522528009134335	0.02674638798067709
0.024750907210504488	0.03220300099161304
0.028463543292080153	0.03531594916270946
0.03273307478589218	0.03499754492565021
0.037643036003776	0.03726099541922242
0.0432894914043424	0.03851170974772014
0.04978291511499375	0.04171316456539702
0.05725035238224281	0.040586792612482867
0.06583790523957923	0.04220818812303432
