0.0065	3.451067237925243e-5
0.00845	4.2675246040661525e-5
0.010985	5.1020157848385475e-5
0.0142805	7.042425259226351e-5
0.018564650000000002	8.94660436491261e-5
0.024134045000000003	1.1967219597453994e-4
0.0313742585	1.58696133503533e-4
0.04078653605	2.07117387724465e-4
0.05302249686500001	2.662338368848629e-4
0.06892924592450002	3.3632903813846636e-4
0.08960801970185003	4.460474128818265e-4
0.11649042561240502	5.736048934874892e-4
0.15143755329612654	7.860763187360849e-4
0.19686881928496452	9.110680556033888e-4
0.2559294650704539	0.0012759768061538226
0.33270830459159006	0.0015606778649587755
0.43252079596906706	0.002357139316833423
0.5622770347597872	0.002953112539500941
0.7309601451877235	0.004391374669288823
0.9502481887440405	0.008466043196133805
1.2353226453672528	0.01761544474429291
1.6059194389774285	0.03440632165084207
