0.0065	3.48673957926329e-4
0.00845	4.462031734232831e-4
0.010985	5.736805159963992e-4
0.0142805	7.757834903885702e-4
0.018564650000000002	9.98909648578066e-4
0.024134045000000003	0.001300507765832622
0.0313742585	0.0017718039723959283
0.04078653605	0.0023032288345702385
0.05302249686500001	0.0029443132633781843
0.06892924592450002	0.0038276247872333674
0.08960801970185003	0.004749068399522664
0.11649042561240502	0.005510402889477877
0.15143755329612654	0.007086262274021028
0.19686881928496452	0.009091662241334938
0.2559294650704539	0.010909946457840393
0.33270830459159006	0.012331224251097225
0.43252079596906706	0.014563161893880105
0.5622770347597872	0.01591225354145827
0.7309601451877235	0.016556827821394927
0.9502481887440405	0.01725890155235025
1.2353226453672528	0.017123868468606522
1.6059194389774285	0.018144213426843105
