0.0065	6.0824594083428345e-5
0.00845	8.128662987465166e-5
0.010985	1.0740929149408431e-4
0.0142805	1.3659514585961441e-4
0.018564650000000002	1.8902714615058787e-4
0.024134045000000003	2.3676122692299276e-4
0.0313742585	3.2197403787935774e-4
0.04078653605	4.167920822772335e-4
0.05302249686500001	5.343190760361808e-4
0.06892924592450002	7.124765875605418e-4
0.08960801970185003	9.703885760695826e-4
0.11649042561240502	0.001343678130520867
0.15143755329612654	0.001972852232917078
0.19686881928496452	0.002946309912256914
0.2559294650704539	0.004145752856717476
0.33270830459159006	0.005807098384512915
0.43252079596906706	0.011125568707364551
0.5622770347597872	0.02213969045511605
0.7309601451877235	0.039834591262450134
0.9502481887440405	0.06185833764264508
1.2353226453672528	0.07298005160360947
1.6059194389774285	0.0798086173042136
