0.002	0.0028213719177113193
0.0023	0.0030685223973989082
0.0026449999999999998	0.00358141200978985
0.0030417499999999997	0.004396521289215909
0.003498012499999999	0.004954629647612315
0.004022714374999999	0.005386000776271397
0.004626121531249998	0.006492228362339333
0.005320039760937497	0.007269249429056979
0.006118045725078122	0.008970373233063541
0.0070357525838398395	0.011253337959459195
0.008091115471415814	0.014143562692076317
0.009304782792128185	0.017562721424857222
0.010700500210947412	0.02357690586356009
0.012305575242589522	0.031524046262640014
0.014151411528977951	0.04190100417271835
0.016274123258324644	0.04981089100955296
0.018715241747073334	0.05817657130596711
0.021522528009134335	0.06823436534894597
0.024750907210504488	0.0727494045316964
0.028463543292080153	0.07625739793395908
0.03273307478589218	0.0786870619438045
0.037643036003776	0.08483949763343696
0.0432894914043424	0.0802628093972434
0.04978291511499375	0.08219497252026842
0.05725035238224281	0.08665813701493628
0.06583790523957923	0.08199587008170307
