0.0065	3.32008613764608e-5
0.00845	4.0171194462551624e-5
0.010985	5.570680735988488e-5
0.0142805	7.309387963894553e-5
0.018564650000000002	8.823110315522892e-5
0.024134045000000003	1.2581558177469142e-4
0.0313742585	1.6753366052571977e-4
0.04078653605	2.144769393024132e-4
0.05302249686500001	2.662923088082861e-4
0.06892924592450002	3.785684244516869e-4
0.08960801970185003	5.176266446081848e-4
0.11649042561240502	6.550879484610803e-4
0.15143755329612654	9.856973056151493e-4
0.19686881928496452	0.0014167582855544153
0.2559294650704539	0.001894360809694481
0.33270830459159006	0.002724832921584499
0.43252079596906706	0.004105078530351171
0.5622770347597872	0.006080041359541714
0.7309601451877235	0.009864258633027204
0.9502481887440405	0.020452068995049564
1.2353226453672528	0.034544155787167394
1.6059194389774285	0.0535633150533941
