0.0065	2.67457997760398e-7
0.00845	3.338660040664575e-7
0.010985	4.6177069066902193e-7
0.0142805	5.939566746207626e-7
0.018564650000000002	7.612920035377821e-7
0.024134045000000003	1.0187935096348338e-6
0.0313742585	1.3710682586326027e-6
0.04078653605	1.7543742408624782e-6
0.05302249686500001	2.153986698005357e-6
0.06892924592450002	3.1205933129889564e-6
0.08960801970185003	4.2063056749793724e-6
0.11649042561240502	5.3367969486244605e-6
0.15143755329612654	8.201344418085786e-6
0.19686881928496452	1.1519760776030436e-5
0.2559294650704539	1.4965895634200113e-5
0.33270830459159006	2.2338058115552903e-5
0.43252079596906706	1.6306833258216284e-4
0.5622770347597872	3.553857919301343e-4
0.7309601451877235	0.0015393208641800407
0.9502481887440405	0.006306026532705981
1.2353226453672528	0.01290474947877503
1.6059194389774285	0.020995927124920016
