0.002	3.814573708506218e-6
0.0023	4.346871539678348e-6
0.0026449999999999998	4.890852927766804e-6
0.0030417499999999997	5.802168240455625e-6
0.003498012499999999	6.702411441717019e-6
0.004022714374999999	3.958144088746697e-5
0.004626121531249998	2.2481350022779853e-4
0.005320039760937497	2.1869358705237815e-4
0.006118045725078122	7.905204711798118e-4
0.0070357525838398395	0.0017224129755703458
0.008091115471415814	0.003173861371002657
0.009304782792128185	0.0055511396698337415
0.010700500210947412	0.009637714794127984
0.012305575242589522	0.01583982785716442
0.014151411528977951	0.019947518174945444
0.016274123258324644	0.02640071811534978
0.018715241747073334	0.03218545375154278
0.021522528009134335	0.03689793830840443
0.024750907210504488	0.04036149177373588
0.028463543292080153	0.04113926967968698
0.03273307478589218	0.04238557982204826
0.037643036003776	0.04356744644266597
0.0432894914043424	0.04305005474950989
0.04978291511499375	0.043489584034817265
0.05725035238224281	0.041089772502711716
0.06583790523957923	0.04138298549557225
