0.0065	5.478203425247054e-8
0.00845	7.589923399518202e-8
0.010985	9.128194247115191e-8
0.0142805	1.1683090042243966e-7
0.018564650000000002	1.5584119215212776e-7
0.024134045000000003	3.814006515099248e-6
0.0313742585	3.861995769316543e-6
0.04078653605	5.735084818674581e-5
0.05302249686500001	2.229825965865188e-4
0.06892924592450002	4.325348750129738e-4
0.08960801970185003	0.001401665337073949
0.11649042561240502	0.002428504164183975
0.15143755329612654	0.005139518864145286
0.19686881928496452	0.008038368645228782
0.2559294650704539	0.010741431229972665
0.33270830459159006	0.012333715796361826
0.43252079596906706	0.01503051308597536
0.5622770347597872	0.01574623118660223
0.7309601451877235	0.01667465311566041
0.9502481887440405	0.017607167820513105
1.2353226453672528	0.017571750904107678
1.6059194389774285	0.018854872489980138
