0.0065	4.132672253748223e-5
0.00845	5.0599571295927274e-5
0.010985	7.061710158102799e-5
0.0142805	8.935455463578348e-5
0.018564650000000002	1.1996103752911148e-4
0.024134045000000003	1.608942650762694e-4
0.0313742585	1.9541327488563318e-4
0.04078653605	2.521336413250273e-4
0.05302249686500001	3.3912473226440786e-4
0.06892924592450002	4.3554122529825754e-4
0.08960801970185003	6.411611947668367e-4
0.11649042561240502	0.001015985813833988
0.15143755329612654	0.002084754765539125
0.19686881928496452	0.0034785600273330632
0.2559294650704539	0.006938798209848973
0.33270830459159006	0.012750066865500578
0.43252079596906706	0.01718790149273579
0.5622770347597872	0.025081874236400525
0.7309601451877235	0.027633752343020925
0.9502481887440405	0.03357214977509083
1.2353226453672528	0.03635020328943875
1.6059194389774285	0.038032829725966874
