0.0065	1.5289594619870177e-5
0.00845	2.1189175392316695e-5
0.010985	2.5654126467236384e-5
0.0142805	3.243890275846268e-5
0.018564650000000002	4.3245967387938524e-5
0.024134045000000003	6.002589236870429e-5
0.0313742585	7.618709006196606e-5
0.04078653605	1.3937931361088574e-4
0.05302249686500001	2.6513075896931397e-4
0.06892924592450002	8.27485672150628e-4
0.08960801970185003	0.0019047431822394644
0.11649042561240502	0.003949085803654426
0.15143755329612654	0.0072104015679768365
0.19686881928496452	0.011858451125113615
0.2559294650704539	0.015731079112157185
0.33270830459159006	0.018783902758902585
0.43252079596906706	0.02184906501953402
0.5622770347597872	0.0240725418065218
0.7309601451877235	0.025240293467924092
0.9502481887440405	0.02544687106564688
1.2353226453672528	0.02534823312625791
1.6059194389774285	0.026803424270279173
