0.002	3.769859231541429e-4
0.0023	4.560188080452009e-4
0.0026449999999999998	5.265283298923119e-4
0.0030417499999999997	6.28091416773236e-4
0.003498012499999999	6.902541957218259e-4
0.004022714374999999	7.683587210360181e-4
0.004626121531249998	8.886315393849436e-4
0.005320039760937497	0.0010021753063770035
0.006118045725078122	0.0012026951898101918
0.0070357525838398395	0.0013664811536947313
0.008091115471415814	0.0015043417406811717
0.009304782792128185	0.0018024281331677652
0.010700500210947412	0.002066514330161939
0.012305575242589522	0.0023466309834358993
0.014151411528977951	0.0027810775564472896
0.016274123258324644	0.0030636046368597266
0.018715241747073334	0.003518082868729441
0.021522528009134335	0.0040450606376648155
0.024750907210504488	0.00492993705001586
0.028463543292080153	0.007689702179548644
0.03273307478589218	0.020903282662325297
0.037643036003776	0.04623116136078043
0.0432894914043424	0.07033329760516456
0.04978291511499375	0.08122938227248513
0.05725035238224281	0.08514670485065748
0.06583790523957923	0.08553747994740524
