0.0065	6.409542532199988e-4
0.00845	8.614558852915375e-4
0.010985	0.001044857418341103
0.0142805	0.0013868538345454566
0.018564650000000002	0.0018155101029378037
0.024134045000000003	0.0024768646573460943
0.0313742585	0.0030926137717955608
0.04078653605	0.00405080572675896
0.05302249686500001	0.006049996549900828
0.06892924592450002	0.00851236462300135
0.08960801970185003	0.013631689565618192
0.11649042561240502	0.020444662721153563
0.15143755329612654	0.03346345777636989
0.19686881928496452	0.043768136598965196
0.2559294650704539	0.058246967075536435
0.33270830459159006	0.06943530990806948
0.43252079596906706	0.07483963930085054
0.5622770347597872	0.07775754297324712
0.7309601451877235	0.08169003593651836
0.9502481887440405	0.08089948049395018
1.2353226453672528	0.08238357925962816
1.6059194389774285	0.08265688405229876
