0.0065	6.295086909881757e-4
0.00845	8.555101621289861e-4
0.010985	0.001085086343868979
0.0142805	0.0013749919832488256
0.018564650000000002	0.0017930135470099228
0.024134045000000003	0.0022665224108438945
0.0313742585	0.002980372374767424
0.04078653605	0.004267748086718745
0.05302249686500001	0.0058443922863803035
0.06892924592450002	0.008344631251028849
0.08960801970185003	0.013687310935040171
0.11649042561240502	0.020046152665626333
0.15143755329612654	0.033540362837701204
0.19686881928496452	0.046900529224675046
0.2559294650704539	0.056464828055015605
0.33270830459159006	0.06643793755928788
0.43252079596906706	0.07420609666216661
0.5622770347597872	0.07998005214310311
0.7309601451877235	0.08135464653541531
0.9502481887440405	0.07867325639725654
1.2353226453672528	0.08049694300813749
1.6059194389774285	0.08237573322683715
