0.0065	6.010159773453835e-13
0.00845	7.691900228467542e-13
0.010985	1.0122985118832855e-12
0.0142805	1.3518525671841081e-12
0.018564650000000002	1.7263481806461914e-12
0.024134045000000003	2.1682446600105696e-12
0.0313742585	2.9960456070867696e-12
0.04078653605	3.81981133329176e-12
0.05302249686500001	4.9963412392149534e-12
0.06892924592450002	6.892243760253742e-12
0.08960801970185003	9.366276346614049e-12
0.11649042561240502	3.4727207590277728e-6
0.15143755329612654	1.7362864853117897e-5
0.19686881928496452	8.565571020532896e-5
0.2559294650704539	2.589696499338192e-4
0.33270830459159006	5.076878576285306e-4
0.43252079596906706	0.0014873490725824403
0.5622770347597872	0.003886271722131934
0.7309601451877235	0.007308182444814289
0.9502481887440405	0.011810062421811813
1.2353226453672528	0.015858189216456625
1.6059194389774285	0.01705076489371091
