0.0065	3.6167296399170564e-4
0.00845	4.5899974845270175e-4
0.010985	5.796740350058366e-4
0.0142805	7.676344165709512e-4
0.018564650000000002	0.0010359996805039016
0.024134045000000003	0.001346523067015592
0.0313742585	0.001754978555039854
0.04078653605	0.002166891582902792
0.05302249686500001	0.002955179899813052
0.06892924592450002	0.003509896703497335
0.08960801970185003	0.004293189385553059
0.11649042561240502	0.005535979414548138
0.15143755329612654	0.00721463879871446
0.19686881928496452	0.00863581663002484
0.2559294650704539	0.011489772164993087
0.33270830459159006	0.013766629323140968
0.43252079596906706	0.015116020300285056
0.5622770347597872	0.016021678008895094
0.7309601451877235	0.016514872468427925
0.9502481887440405	0.017183968598549162
1.2353226453672528	0.017209101362517732
1.6059194389774285	0.01802306696692493
