0.002	1.098777802736652e-9
0.0023	1.3426797658080203e-9
0.0026449999999999998	1.6111967604037076e-9
0.0030417499999999997	1.8619348138392431e-9
0.003498012499999999	2.030111892827684e-9
0.004022714374999999	2.2929596723518233e-9
0.004626121531249998	2.7021031350594276e-9
0.005320039760937497	2.9122034035720055e-9
0.006118045725078122	3.513137243309492e-9
0.0070357525838398395	3.99030122616312e-9
0.008091115471415814	4.692299212226817e-9
0.009304782792128185	5.155299125033263e-9
0.010700500210947412	6.082735270272805e-9
0.012305575242589522	7.2089406218132916e-9
0.014151411528977951	6.243907862207374e-5
0.016274123258324644	8.998420662708042e-9
0.018715241747073334	6.25367009814037e-5
0.021522528009134335	9.37358512827958e-5
0.024750907210504488	4.4102474129488424e-4
0.028463543292080153	0.0017530511120863999
0.03273307478589218	0.009045277081563458
0.037643036003776	0.021993411144939627
0.0432894914043424	0.035462310970581515
0.04978291511499375	0.040940138945570505
0.05725035238224281	0.04125521857792367
0.06583790523957923	0.04157984784924225
