0.0065	1.7685662819341753e-6
0.00845	2.2742912343951745e-6
0.010985	3.012124774107319e-6
0.0142805	3.906504566000906e-6
0.018564650000000002	5.286333762109228e-6
0.024134045000000003	6.4447720431931794e-6
0.0313742585	8.890996141424896e-6
0.04078653605	1.1583315779307356e-5
0.05302249686500001	1.4997359862287297e-5
0.06892924592450002	2.025739785705163e-5
0.08960801970185003	2.777111195268846e-5
0.11649042561240502	3.9488898402399436e-5
0.15143755329612654	6.904305786757961e-5
0.19686881928496452	1.3958325898934446e-4
0.2559294650704539	2.791833787279359e-4
0.33270830459159006	4.6220755220355997e-4
0.43252079596906706	0.0012371610238876111
0.5622770347597872	0.003522654404537424
0.7309601451877235	0.007780857746556114
0.9502481887440405	0.011945231216387742
1.2353226453672528	0.014861367895546797
1.6059194389774285	0.016814605192874456
