0.0065	9.60429111136121e-11
0.00845	1.232286964400616e-10
0.010985	1.6755965951801132e-10
0.0142805	2.1473079367298536e-10
0.018564650000000002	2.8077803726874427e-10
0.024134045000000003	3.7029033692645537e-10
0.0313742585	5.02159894595463e-10
0.04078653605	6.337565183741792e-10
0.05302249686500001	7.758341294005314e-10
0.06892924592450002	1.1383326953549443e-9
0.08960801970185003	1.5416084671854181e-9
0.11649042561240502	1.929564632662902e-9
0.15143755329612654	2.946190382404108e-9
0.19686881928496452	4.148480852767166e-9
0.2559294650704539	5.391761077865971e-9
0.33270830459159006	7.889113465243426e-9
0.43252079596906706	9.043029593752518e-5
0.5622770347597872	9.317521426171153e-4
0.7309601451877235	0.0028497324476071434
0.9502481887440405	0.008056696529498461
1.2353226453672528	0.016149233004921052
1.6059194389774285	0.025226547114968925
