0.0065	6.116477480286463e-5
0.00845	7.600763607004872e-5
0.010985	1.1053006742030317e-4
0.0142805	1.3987062026563004e-4
0.018564650000000002	1.8459651526766958e-4
0.024134045000000003	2.3746332050973644e-4
0.0313742585	3.249224172251846e-4
0.04078653605	4.4240653315688307e-4
0.05302249686500001	5.511046415514708e-4
0.06892924592450002	6.820255289535656e-4
0.08960801970185003	9.672221858980748e-4
0.11649042561240502	0.0012905233586983655
0.15143755329612654	0.0017720175503950842
0.19686881928496452	0.0027456356846100242
0.2559294650704539	0.004013222424546606
0.33270830459159006	0.006104172055771873
0.43252079596906706	0.01061627499786165
0.5622770347597872	0.0221170264423932
0.7309601451877235	0.04149884737536979
0.9502481887440405	0.06021005844991245
1.2353226453672528	0.07239504939194163
1.6059194389774285	0.07723484170702846
