0.0065	2.309846411340738e-4
0.00845	3.034492657295382e-4
0.010985	3.849671385902708e-4
0.0142805	5.380999570211941e-4
0.018564650000000002	6.691109287065179e-4
0.024134045000000003	8.152090748047641e-4
0.0313742585	0.0011091160694688808
0.04078653605	0.0014858848935842995
0.05302249686500001	0.0019378928267036596
0.06892924592450002	0.0026205493276263213
0.08960801970185003	0.003567257953172465
0.11649042561240502	0.005070596785898821
0.15143755329612654	0.008078770973760896
0.19686881928496452	0.01387986185281054
0.2559294650704539	0.02302867236482304
0.33270830459159006	0.037052568458000174
0.43252079596906706	0.0473197190433835
0.5622770347597872	0.05833442566825505
0.7309601451877235	0.06672116663879477
0.9502481887440405	0.07506152249813357
1.2353226453672528	0.0767737188316938
1.6059194389774285	0.07968404524750713
