0.0065	6.01862777208388e-13
0.00845	7.688571832653169e-13
0.010985	1.060122225286402e-12
0.0142805	1.2759631958627622e-12
0.018564650000000002	1.733963339109389e-12
0.024134045000000003	2.310081402102275e-12
0.0313742585	3.087437300065256e-12
0.04078653605	3.985351180566517e-12
0.05302249686500001	5.1853148608700986e-12
0.06892924592450002	6.636857379933618e-12
0.08960801970185003	9.352360717394236e-12
0.11649042561240502	3.4725851796063372e-6
0.15143755329612654	3.1252300749448984e-5
0.19686881928496452	6.404897520428643e-5
0.2559294650704539	1.7478893302961136e-4
0.33270830459159006	5.14405120606573e-4
0.43252079596906706	0.0014010871975032948
0.5622770347597872	0.0036999690788492925
0.7309601451877235	0.007644750047197178
0.9502481887440405	0.011760810443722883
1.2353226453672528	0.0146159408410716
1.6059194389774285	0.0170265926407331
