0.0065	3.627410454046151e-9
0.00845	4.628838575736074e-9
0.010985	6.1188162819161736e-9
0.0142805	8.100501650616078e-9
0.018564650000000002	1.0605165246845476e-8
0.024134045000000003	1.3058268627045272e-8
0.0313742585	1.8126825109353136e-8
0.04078653605	2.3277372968556768e-8
0.05302249686500001	3.041520284410434e-8
0.06892924592450002	4.150780481938732e-8
0.08960801970185003	5.673598204433401e-8
0.11649042561240502	7.828791214330504e-6
0.15143755329612654	3.904421008019177e-5
0.19686881928496452	1.9916999085478078e-4
0.2559294650704539	6.293616860816413e-4
0.33270830459159006	0.001407672887961464
0.43252079596906706	0.0035777527596409287
0.5622770347597872	0.0074632615782422316
0.7309601451877235	0.014185667381564456
0.9502481887440405	0.020402132003017746
1.2353226453672528	0.022581829780049592
1.6059194389774285	0.025514314181622907
