0.0065	3.01193925631566e-7
0.00845	4.3308501006746265e-7
0.010985	5.188128314160047e-7
0.0142805	7.407576964426194e-7
0.018564650000000002	9.1409889953371e-7
0.024134045000000003	1.1491590725546214e-6
0.0313742585	1.527513235006769e-6
0.04078653605	2.026364453873185e-6
0.05302249686500001	2.628577737652278e-6
0.06892924592450002	3.6154312048365575e-6
0.08960801970185003	3.549645469480489e-5
0.11649042561240502	3.28433600434378e-4
0.15143755329612654	9.849945566207698e-4
0.19686881928496452	0.003036196588908904
0.2559294650704539	0.008248186975182236
0.33270830459159006	0.014229460274457885
0.43252079596906706	0.02074179673805287
0.5622770347597872	0.027838882479716855
0.7309601451877235	0.03540196580412478
0.9502481887440405	0.03836202245922627
1.2353226453672528	0.0384538438193549
1.6059194389774285	0.04044108102443152
