0.0065	5.427622717137324e-8
0.00845	6.890343230523165e-8
0.010985	8.951739491959886e-8
0.0142805	1.1670743295052147e-7
0.018564650000000002	1.5814424412445198e-7
0.024134045000000003	1.7985750293441815e-5
0.0313742585	3.8182201418603655e-6
0.04078653605	6.807505823743114e-5
0.05302249686500001	2.0572087692523694e-4
0.06892924592450002	5.190337411643785e-4
0.08960801970185003	0.0014122535024793002
0.11649042561240502	0.002522255119663495
0.15143755329612654	0.005094715052705726
0.19686881928496452	0.006955407524723258
0.2559294650704539	0.010122461811953361
0.33270830459159006	0.012333968794887443
0.43252079596906706	0.014776014429307824
0.5622770347597872	0.015892562953192253
0.7309601451877235	0.016311578191180932
0.9502481887440405	0.01825195073326617
1.2353226453672528	0.01780479961930018
1.6059194389774285	0.017962708980250337
