0.002	4.933872094380245e-4
0.0023	5.430150612388384e-4
0.0026449999999999998	6.229436741368114e-4
0.0030417499999999997	7.495589908953493e-4
0.003498012499999999	8.589290593235041e-4
0.004022714374999999	9.67752497016746e-4
0.004626121531249998	0.0010864616105993252
0.005320039760937497	0.0012922556404476506
0.006118045725078122	0.0016211791194481319
0.0070357525838398395	0.002570658275277372
0.008091115471415814	0.0027649028958754104
0.009304782792128185	0.004027191944778102
0.010700500210947412	0.006802740413617789
0.012305575242589522	0.009613105903707269
0.014151411528977951	0.014384955223285607
0.016274123258324644	0.01900092733058892
0.018715241747073334	0.023027505325227786
0.021522528009134335	0.026953399855459644
0.024750907210504488	0.030015037526840305
0.028463543292080153	0.03322968905409683
0.03273307478589218	0.036444766249955615
0.037643036003776	0.0386960479141183
0.0432894914043424	0.0385066034512975
0.04978291511499375	0.03938820467885551
0.05725035238224281	0.04020709157852963
0.06583790523957923	0.042406578371247734
