0.0065	3.5729386699677982e-9
0.00845	4.582876382083277e-9
0.010985	6.4439958777450555e-9
0.0142805	7.718674408688283e-9
0.018564650000000002	1.0520606901138312e-8
0.024134045000000003	1.39547685976123e-8
0.0313742585	1.873059843832289e-8
0.04078653605	2.4343734964307925e-8
0.05302249686500001	3.11780630463199e-8
0.06892924592450002	4.0046950973779045e-8
0.08960801970185003	5.604404795324605e-8
0.11649042561240502	7.843930875043783e-6
0.15143755329612654	7.04241415967333e-5
0.19686881928496452	1.545839310163417e-4
0.2559294650704539	3.998077756956024e-4
0.33270830459159006	0.0014606482289442712
0.43252079596906706	0.0037419966004983685
0.5622770347597872	0.007814329564305176
0.7309601451877235	0.013222718317890125
0.9502481887440405	0.020428810706198064
1.2353226453672528	0.025010130796130268
1.6059194389774285	0.024858195228462242
