0.0065	1.7219711217516832e-6
0.00845	2.2055040718522053e-6
0.010985	3.1808873778805714e-6
0.0142805	3.828005656443246e-6
0.018564650000000002	5.195079227369579e-6
0.024134045000000003	6.828225993938851e-6
0.0313742585	9.241836319314003e-6
0.04078653605	1.215598557135686e-5
0.05302249686500001	1.5275107886925215e-5
0.06892924592450002	1.9509817307230577e-5
0.08960801970185003	2.7239969689866894e-5
0.11649042561240502	3.988006216061236e-5
0.15143755329612654	7.729347245861208e-5
0.19686881928496452	1.2931575035251107e-4
0.2559294650704539	2.330289923928851e-4
0.33270830459159006	5.232115100947017e-4
0.43252079596906706	0.0012610761069860752
0.5622770347597872	0.003546517402917409
0.7309601451877235	0.007814209503501156
0.9502481887440405	0.011361035220533822
1.2353226453672528	0.014386402715852849
1.6059194389774285	0.016448421058167517
