0.002	3.0570817743782312e-6
0.0023	3.7538455961482466e-6
0.0026449999999999998	4.362798058448337e-6
0.0030417499999999997	5.211869295182092e-6
0.003498012499999999	5.6329629077380295e-6
0.004022714374999999	6.332714885756656e-6
0.004626121531249998	7.39275584397564e-6
0.005320039760937497	8.002889622095082e-6
0.006118045725078122	9.782331273310165e-6
0.0070357525838398395	1.118443587903393e-5
0.008091115471415814	1.2739499897563871e-5
0.009304782792128185	1.4269781404679906e-5
0.010700500210947412	1.6756705630137942e-5
0.012305575242589522	1.9725442646378713e-5
0.014151411528977951	2.305030665702665e-5
0.016274123258324644	2.4631229864243828e-5
0.018715241747073334	2.947322131734616e-5
0.021522528009134335	3.385647078726304e-5
0.024750907210504488	1.065719857279181e-4
0.028463543292080153	0.0012087203264518351
0.03273307478589218	0.007282004603754103
0.037643036003776	0.02034082153857413
0.0432894914043424	0.03156690912539449
0.04978291511499375	0.038326327100922326
0.05725035238224281	0.04219635133892059
0.06583790523957923	0.04244780821966829
